0.060 0.788 0.203 0.349   -1.0
0.135 0.376 0.259 0.044   -1.0
0.630 0.377 0.320 0.828   1.0
0.487 0.791 0.955 0.714   1.0
0.842 0.362 0.383 0.078   -1.0
0.880 0.219 0.969 0.793   1.0
0.177 0.853 0.792 0.381   1.0
0.153 0.515 0.577 0.413   -1.0
0.457 0.043 0.937 0.777   1.0
0.362 0.263 0.662 0.317   1.0*
0.014 0.159 0.339 0.397   -1.0
0.513 0.277 0.456 0.482   -1.0
0.460 0.660 0.923 0.251   1.0
0.124 0.405 0.555 0.701   -1.0
0.115 0.158 0.861 0.051   -1.0
0.732 0.413 0.198 0.393   -1.0
0.175 0.407 0.889 0.514   -1.0
0.127 0.027 0.081 0.583   -1.0
0.151 0.042 0.169 0.074   -1.0
0.209 0.197 0.699 0.764   -1.0
0.516 0.879 0.056 0.377   -1.0
0.991 0.109 0.344 0.188   -1.0
0.074 0.363 0.909 0.963   1.0
0.713 0.090 0.904 0.794   1.0
0.413 0.945 0.715 0.582   1.0
0.009 0.791 0.216 0.708   -1.0
0.115 0.224 0.434 0.171   -1.0
0.365 0.162 0.710 0.709   -1.0
0.212 0.783 0.713 0.121   -1.0
0.590 0.835 0.836 0.494   1.0
0.509 0.907 0.574 0.224   1.0
0.592 0.233 0.279 0.808   -1.0
0.835 0.923 0.164 0.269   1.0
0.765 0.634 0.256 0.475   1.0
0.606 0.687 0.125 0.319   -1.0
0.871 0.909 0.643 0.706   1.0
0.272 0.215 0.309 0.846   -1.0
0.797 0.438 0.671 0.077   -1.0
0.612 0.912 0.170 0.776   1.0
0.264 0.541 0.814 0.519   1.0
0.156 0.125 0.704 0.281   -1.0
0.513 0.152 0.352 0.156   -1.0
0.755 0.428 0.073 0.063   -1.0
0.512 0.861 0.712 0.183   1.0
0.959 0.795 0.849 0.129   1.0
0.030 0.392 0.112 0.844   -1.0
0.129 1.000 0.037 0.833   -1.0
0.481 0.346 0.433 0.833   1.0
0.291 0.588 0.930 0.364   1.0
0.204 0.876 0.512 0.917   1.0
0.450 0.876 0.854 0.299   1.0
0.425 0.329 0.397 0.537   -1.0
0.309 0.666 0.173 0.346   -1.0
0.454 0.826 0.845 0.887   1.0
0.347 0.178 0.248 0.277   -1.0
0.899 0.482 0.418 0.411   1.0
0.478 0.861 0.274 0.332   -1.0
0.279 0.757 0.489 0.676   1.0
0.662 0.985 0.960 0.835   1.0
0.459 0.289 0.157 0.303   -1.0
0.816 0.650 0.353 0.064   -1.0
0.895 0.963 0.408 0.313   1.0
0.807 0.791 0.235 0.081   -1.0
0.396 0.360 0.880 0.885   1.0
0.174 0.547 0.020 0.134   -1.0
0.351 0.592 0.671 0.507   1.0
0.847 0.324 0.545 0.200   -1.0
0.472 0.095 0.351 0.881   -1.0
0.726 0.687 0.199 0.961   1.0
0.322 0.357 0.128 0.202   -1.0
0.164 0.376 0.790 0.185   -1.0
0.172 0.535 0.102 0.843   -1.0
0.998 0.690 0.367 0.543   1.0
0.755 0.015 0.984 0.106   -1.0
0.392 0.832 0.583 0.591   1.0
0.351 0.913 0.150 0.479   -1.0
0.392 0.644 0.491 0.181   -1.0
0.001 0.353 0.363 0.103   -1.0
0.406 0.101 0.886 0.773   1.0
0.776 0.528 0.658 0.760   1.0
0.553 0.152 0.466 0.136   -1.0
0.258 0.487 0.656 0.408   1.0*
0.771 0.799 0.610 0.262   -1.0*
0.439 0.263 0.334 0.802   -1.0
0.531 0.208 0.467 0.418   1.0*
0.110 0.193 0.509 0.768   1.0*
0.143 0.322 0.105 0.608   -1.0
0.847 0.867 0.945 0.503   1.0
0.912 0.274 0.074 0.522   -1.0
0.055 0.961 0.799 0.389   1.0
0.166 0.920 0.971 0.632   1.0
0.952 0.743 0.531 0.461   1.0
0.484 0.604 0.833 0.589   1.0
0.291 0.436 0.079 0.236   -1.0
0.353 0.148 0.213 0.427   -1.0
0.750 0.482 0.630 0.549   1.0
0.393 0.715 0.791 0.364   1.0
0.129 0.316 0.090 0.660   -1.0
0.601 0.144 0.381 0.434   -1.0
0.593 0.725 0.168 0.672   -1.0*
0.108 0.025 0.108 0.321   -1.0
0.778 0.071 0.934 0.408   1.0
0.805 0.801 0.335 0.596   1.0
0.682 0.725 0.481 0.772   1.0
0.258 0.373 0.529 0.639   -1.0
0.261 0.232 0.531 0.429   -1.0
0.492 0.537 0.930 0.600   1.0
0.382 0.378 0.929 0.317   1.0
0.549 0.122 0.588 0.884   1.0
0.753 0.566 0.444 0.233   -1.0
0.828 0.491 0.711 0.357   1.0
0.518 0.618 0.362 0.049   -1.0
0.266 0.541 0.584 0.196   -1.0
0.443 0.578 0.520 0.372   -1.0
0.306 0.921 0.017 0.894   1.0
0.735 0.646 0.372 0.178   -1.0
0.710 0.007 0.371 0.421   -1.0
0.501 0.938 0.982 0.863   -1.0*
0.029 0.129 0.529 0.613   -1.0
0.670 0.056 0.902 0.190   -1.0
0.797 0.496 0.349 0.813   1.0
0.154 0.548 0.035 0.526   -1.0
0.915 0.235 0.733 0.286   1.0
0.097 0.786 0.594 0.079   -1.0
0.582 0.108 0.778 0.110   -1.0
0.102 0.780 0.777 0.004   1.0*
0.204 0.801 0.466 0.553   1.0
0.855 0.707 0.162 0.890   1.0
0.888 0.805 0.468 0.622   1.0
0.124 0.719 0.877 0.718   1.0
0.526 0.300 0.906 0.304   1.0
0.627 0.405 0.191 0.404   -1.0
0.161 0.609 0.210 0.627   -1.0
0.824 0.482 0.869 0.986   1.0
0.102 0.874 0.177 0.571   -1.0
0.268 0.695 0.215 0.145   -1.0
0.013 0.672 0.713 0.919   -1.0*
0.124 0.546 0.381 0.315   1.0*
0.790 0.476 0.560 0.000   -1.0
0.722 0.824 0.584 0.591   1.0
0.956 0.694 0.683 0.134   1.0
0.179 0.402 0.959 0.393   -1.0
0.372 0.406 0.219 0.086   -1.0
0.194 0.210 0.872 0.575   -1.0
0.823 0.365 0.000 0.382   -1.0
0.103 0.104 0.189 0.687   -1.0
0.998 0.643 0.389 0.681   1.0
0.653 0.860 0.178 0.612   1.0
0.725 0.985 0.660 0.944   1.0
0.985 0.138 0.280 0.857   1.0
0.805 0.679 0.077 0.805   1.0
0.442 0.907 0.166 0.631   1.0
0.861 0.629 0.238 0.251   -1.0
0.014 0.904 0.170 0.193   -1.0
0.423 0.918 0.501 0.083   -1.0
0.572 0.067 0.999 0.852   1.0
0.712 0.657 0.603 0.789   1.0
0.665 0.230 0.369 0.831   1.0
0.963 0.692 0.489 0.201   1.0
0.799 0.215 0.847 0.969   1.0
0.363 0.392 0.326 0.864   -1.0
0.188 0.436 0.542 0.187   -1.0
0.466 0.899 0.945 0.069   1.0
0.406 0.734 0.918 0.775   1.0
0.779 0.738 0.257 0.268   1.0
0.200 0.068 0.153 0.046   -1.0
0.561 0.409 0.428 0.887   1.0
0.903 0.075 0.710 0.445   1.0
0.998 0.911 0.161 0.942   -1.0*
0.848 0.348 0.714 0.766   1.0
0.279 0.545 0.860 0.536   1.0
0.799 0.736 0.881 0.952   1.0
0.917 0.513 0.191 0.345   -1.0
0.465 0.248 0.474 0.175   -1.0
0.736 0.172 0.603 0.896   1.0
0.583 0.744 0.463 0.297   1.0
0.586 0.576 0.055 0.446   -1.0
0.868 0.245 0.848 0.749   1.0
0.630 0.666 0.710 0.821   1.0
0.109 0.286 0.259 0.584   -1.0
0.951 0.320 0.633 0.554   1.0
0.748 0.137 0.960 0.212   1.0
0.471 0.798 0.011 0.526   -1.0
0.123 0.394 0.489 0.970   -1.0
0.686 0.600 0.808 0.396   1.0
0.819 0.505 0.708 0.078   1.0
0.169 0.029 0.409 0.802   -1.0
0.625 0.550 0.721 0.585   1.0
0.155 0.056 0.559 0.166   -1.0
0.804 0.288 0.976 0.293   1.0
0.118 0.979 0.859 0.926   1.0
0.281 0.745 0.881 0.988   1.0
0.970 0.157 0.852 0.378   -1.0*
0.435 0.003 0.509 0.156   -1.0
0.271 0.311 0.645 0.830   1.0
0.227 0.634 0.765 0.202   -1.0
0.024 0.320 0.906 0.883   1.0
0.281 0.163 0.992 0.162   -1.0
0.815 0.131 0.308 0.667   -1.0
0.267 0.102 0.513 0.776   -1.0
0.102 0.047 0.569 0.746   -1.0
0.046 0.973 0.512 0.811   1.0
0.439 0.835 0.496 0.345   1.0
0.742 0.626 0.881 0.734   1.0
0.032 0.549 0.919 0.341   -1.0
0.428 0.608 0.318 0.941   1.0
0.577 0.043 0.432 0.146   -1.0
0.309 0.192 0.762 0.821   1.0
0.938 0.260 0.838 0.433   1.0
0.556 0.175 0.230 0.436   -1.0
0.017 0.468 0.459 0.936   -1.0
0.675 0.364 0.417 0.993   1.0
0.801 0.569 0.349 0.233   -1.0
0.138 0.542 0.908 0.901   1.0
0.911 0.838 0.623 0.749   1.0
0.227 0.305 0.447 0.457   -1.0
0.357 0.474 0.209 0.815   -1.0
0.018 0.490 0.774 0.435   -1.0
0.080 0.237 0.052 0.428   -1.0
0.768 0.567 0.012 0.675   1.0
0.375 0.587 0.306 0.998   1.0
0.577 0.224 0.640 0.024   -1.0
0.381 0.381 0.155 0.591   -1.0
0.565 0.609 0.686 0.339   1.0
0.169 0.418 0.280 0.221   -1.0
0.750 0.989 0.413 0.762   1.0
0.880 0.137 0.251 0.186   -1.0
0.586 0.764 0.359 0.227   -1.0
0.040 0.608 0.169 0.195   -1.0
0.365 0.760 0.808 0.051   -1.0
0.851 0.220 0.516 0.132   -1.0
0.362 0.882 0.430 0.775   1.0
0.094 0.656 0.780 0.344   -1.0
0.914 0.931 0.606 0.273   1.0
0.394 0.313 0.766 0.563   1.0
0.965 0.928 0.267 0.772   -1.0*
0.365 0.624 0.200 0.881   1.0
0.641 0.244 0.638 0.070   -1.0
0.281 0.164 0.675 0.061   -1.0
0.517 0.976 0.439 0.122   1.0
0.596 0.516 0.562 0.362   1.0
0.069 0.327 0.007 0.337   -1.0
0.987 0.702 0.723 0.186   1.0
0.479 0.827 0.827 0.117   1.0
0.846 0.398 0.060 0.521   -1.0
0.568 0.038 0.435 0.007   -1.0
0.684 0.604 0.676 0.246   -1.0*
0.755 0.315 0.293 0.762   1.0
0.393 0.748 0.354 0.116   -1.0
0.937 0.595 0.761 0.764   1.0
0.658 0.610 0.109 0.718   1.0
0.568 0.287 0.168 0.003   -1.0
0.328 0.687 0.898 0.004   -1.0
0.864 0.759 0.247 0.157   1.0
0.899 0.549 0.269 0.252   -1.0
0.203 0.189 0.259 0.964   1.0*
0.971 0.622 0.563 0.079   1.0
0.693 0.647 0.628 0.862   1.0
0.922 0.190 0.337 0.819   1.0
0.269 0.683 0.952 0.516   1.0
0.472 0.415 0.388 0.741   1.0
0.053 0.944 0.856 0.313   1.0
0.809 0.283 0.531 0.372   -1.0
0.871 0.066 0.010 0.499   -1.0
0.661 0.420 0.117 0.998   1.0
0.310 0.267 0.922 0.263   -1.0
0.762 0.735 0.198 0.150   -1.0
0.866 0.203 0.420 0.722   1.0
0.328 0.531 0.800 0.859   1.0
0.163 0.730 0.969 0.173   1.0
0.896 0.834 0.650 0.013   1.0
0.889 0.324 0.099 0.812   1.0
0.882 0.573 0.321 0.080   -1.0
0.797 0.945 0.927 0.217   1.0
0.443 0.545 0.199 0.243   -1.0
0.102 0.406 0.134 0.071   -1.0
0.364 0.968 0.413 0.013   1.0*
0.244 0.903 0.304 0.343   -1.0
0.891 0.225 0.287 0.212   -1.0
0.010 0.009 0.250 0.937   -1.0
0.917 0.380 0.771 0.116   1.0
0.175 0.219 0.028 0.309   -1.0
0.607 0.673 0.258 0.020   -1.0
0.239 0.264 0.589 0.543   -1.0
0.303 0.434 0.832 0.590   1.0
0.136 0.600 0.654 0.386   -1.0
0.880 0.304 0.917 0.650   1.0
0.540 0.825 0.639 0.569   1.0
0.929 0.176 0.808 0.187   1.0
0.494 0.426 0.460 0.083   1.0*
0.067 0.386 0.403 0.899   1.0*
0.048 0.035 0.577 0.703   -1.0
0.114 0.582 0.725 0.031   -1.0
0.145 0.571 0.058 0.784   -1.0
0.193 0.713 0.316 0.001   -1.0
0.512 0.495 0.325 0.972   1.0
0.295 0.039 0.965 0.698   -1.0
0.941 0.746 0.973 0.518   1.0
0.395 0.632 0.031 0.120   -1.0
0.263 0.266 0.234 0.321   -1.0
0.374 0.514 0.763 0.690   1.0
0.662 0.202 0.011 0.988   -1.0
0.590 0.282 0.213 0.555   1.0*
0.151 0.496 0.726 0.124   -1.0
0.175 0.519 0.645 0.205   -1.0
0.308 0.469 0.906 0.542   1.0
0.955 0.917 0.305 0.718   1.0
0.820 0.380 0.809 0.831   1.0
0.982 0.420 0.651 0.195   -1.0*
0.631 0.346 0.471 0.357   -1.0
0.484 0.531 0.989 0.129   1.0
0.629 0.438 0.205 0.534   1.0*
0.996 0.490 0.897 0.300   1.0
0.504 0.120 0.588 0.312   1.0*
0.956 0.295 0.371 0.607   1.0
0.346 0.237 0.835 0.817   1.0
0.305 0.301 0.125 0.294   -1.0
0.862 0.923 0.868 0.067   1.0
0.848 0.062 0.947 0.745   1.0
0.155 0.249 0.483 0.742   -1.0
0.434 0.698 0.856 0.805   1.0
0.346 0.151 0.542 0.181   1.0*
0.136 0.486 0.270 0.261   -1.0
0.700 0.123 0.703 0.569   1.0
0.160 0.417 0.252 0.107   -1.0
0.615 0.262 0.412 0.098   -1.0
0.973 0.531 0.703 0.830   1.0
0.008 0.176 0.488 0.550   -1.0
0.456 0.686 0.843 0.725   1.0
0.623 0.426 0.070 0.326   1.0*
0.260 0.486 0.411 0.512   -1.0
0.574 0.127 0.855 0.986   1.0
0.859 0.959 0.755 0.561   1.0
0.092 0.569 0.964 0.579   1.0
0.320 0.035 0.805 0.163   -1.0
0.752 0.786 0.186 0.822   1.0
0.180 0.082 0.597 0.592   -1.0
0.190 0.166 0.720 0.045   -1.0
0.945 0.904 0.110 0.700   1.0
0.898 0.792 0.034 0.862   1.0
0.153 0.183 0.406 0.958   -1.0
0.166 0.710 0.131 0.352   -1.0
0.243 0.533 0.613 0.840   1.0
0.207 0.030 0.290 0.927   -1.0
0.442 0.871 0.978 0.552   1.0
0.444 0.450 0.363 0.478   -1.0
0.734 0.631 0.496 0.139   -1.0
0.841 0.305 0.299 0.973   1.0
0.830 0.215 0.190 0.444   -1.0
0.315 0.650 0.085 0.605   -1.0
0.159 0.047 0.449 0.137   -1.0
0.020 0.581 0.050 0.383   -1.0
0.362 0.117 0.690 0.858   1.0
0.279 0.699 0.562 0.578   1.0
0.219 0.408 0.888 0.410   -1.0
0.943 0.725 0.502 0.027   1.0
0.079 0.187 0.377 0.528   -1.0
0.976 0.548 0.905 0.026   1.0
0.964 0.388 0.048 0.654   1.0
0.304 0.933 0.946 0.866   1.0
0.618 0.085 0.919 0.506   1.0
0.771 0.449 0.219 0.273   -1.0
0.549 0.352 0.663 0.927   1.0
0.987 0.903 0.428 0.892   1.0
0.359 0.856 0.318 0.406   -1.0
0.564 0.710 0.443 0.510   1.0
0.953 0.128 0.661 0.872   1.0
0.156 0.643 0.083 0.375   -1.0
0.560 0.924 0.268 0.223   -1.0
0.148 0.210 0.754 0.576   -1.0
0.683 0.934 0.957 0.001   1.0
0.467 0.565 0.051 0.910   -1.0
0.627 0.863 0.203 0.288   -1.0
0.837 0.444 0.379 0.921   1.0
0.295 0.480 0.742 0.563   1.0
0.593 0.711 0.913 0.347   1.0
0.014 0.030 0.221 0.971   -1.0
0.562 0.438 0.595 0.613   1.0
0.670 0.240 0.211 0.873   -1.0
0.946 0.710 0.972 0.325   1.0
0.790 0.620 0.111 0.533   1.0
0.814 0.126 0.893 0.727   1.0
0.179 0.741 0.502 0.400   -1.0
0.533 0.962 0.151 0.128   -1.0
0.498 0.798 0.814 0.709   1.0
0.343 0.655 0.380 0.314   1.0*
0.011 0.105 0.600 0.122   -1.0
0.782 0.937 0.763 0.675   1.0
0.236 0.855 0.405 0.738   1.0
0.117 0.271 0.216 0.268   -1.0
0.791 0.766 0.196 0.605   1.0
0.867 0.947 0.131 0.247   1.0
0.111 0.258 0.366 0.711   -1.0
0.004 0.493 0.317 0.767   -1.0
0.981 0.003 0.023 0.385   -1.0
0.277 0.502 0.012 0.493   -1.0
0.411 0.284 0.537 0.607   -1.0
0.012 0.474 0.836 0.143   -1.0
0.098 0.254 0.979 0.465   1.0*
0.359 0.468 0.458 0.676   -1.0
0.626 0.656 0.238 0.649   1.0
0.979 0.926 0.544 0.991   1.0
0.314 0.402 0.704 0.851   1.0
0.593 0.863 0.483 0.429   1.0
0.203 0.527 0.261 0.182   1.0*
0.226 0.541 0.460 0.684   -1.0
0.696 0.311 0.873 0.934   -1.0*
0.915 0.913 0.886 0.459   1.0
0.305 0.774 0.306 0.009   -1.0
0.316 0.602 0.488 0.798   1.0
0.495 0.002 0.558 0.755   -1.0
0.549 0.981 0.725 0.009   1.0
0.942 0.705 0.976 0.815   1.0
0.936 0.730 0.552 0.822   1.0
0.456 0.127 0.963 0.762   1.0
0.588 0.078 0.738 0.076   -1.0
0.769 0.571 0.878 0.326   1.0
0.062 0.876 0.308 0.786   1.0
0.973 0.728 0.590 0.950   1.0
0.229 0.886 0.274 0.781   1.0
0.463 0.237 0.835 0.427   1.0*
0.971 0.015 0.077 0.709   -1.0
0.953 0.478 0.662 0.831   1.0
0.988 0.892 0.679 0.296   1.0
0.564 0.269 0.407 0.155   -1.0
0.950 0.383 0.104 0.224   -1.0
0.812 0.687 0.400 0.647   1.0
0.399 0.618 0.128 0.476   -1.0
0.219 0.429 0.804 0.881   1.0
0.608 0.869 0.152 0.288   -1.0
0.831 0.852 0.433 0.238   1.0
0.652 0.188 0.390 0.756   -1.0
0.554 0.568 0.099 0.954   1.0
0.213 0.354 0.832 0.341   -1.0
0.159 0.560 0.258 0.964   -1.0
0.518 0.572 0.310 0.670   1.0
0.474 0.501 0.712 0.908   1.0
0.719 0.560 0.927 0.109   1.0
0.339 0.663 0.884 0.438   1.0
0.099 0.651 0.971 0.931   -1.0*
0.801 0.090 0.552 0.059   -1.0
0.994 0.577 0.626 0.304   1.0
0.486 0.778 0.748 0.198   1.0
0.487 0.917 0.245 0.414   1.0
0.561 0.753 0.689 0.445   1.0
0.307 0.544 0.841 0.278   -1.0
0.833 0.079 0.565 0.385   -1.0
0.619 0.379 0.715 0.245   -1.0
0.963 0.731 0.460 0.711   1.0
0.145 0.199 0.846 0.390   -1.0
0.873 0.951 0.365 0.562   1.0
0.556 0.869 0.940 0.397   1.0
0.415 0.229 0.226 0.980   -1.0
0.364 0.599 0.993 0.080   1.0
0.675 0.042 0.576 0.135   -1.0
0.505 0.280 0.952 0.352   1.0
0.565 0.225 0.621 0.930   1.0
0.017 0.486 0.656 0.957   1.0
0.803 0.371 0.112 0.029   -1.0
0.726 0.394 0.951 0.719   1.0
0.795 0.394 0.515 0.371   1.0
0.269 0.877 0.809 0.221   1.0
0.479 0.786 0.453 0.100   -1.0
0.240 0.117 0.201 0.896   -1.0
0.084 0.699 0.445 0.195   -1.0
0.796 0.921 0.122 0.747   1.0
0.595 0.542 0.034 0.110   -1.0
0.562 0.379 0.790 0.371   1.0
0.019 0.850 0.387 0.472   1.0*
0.103 0.711 0.068 0.304   -1.0
0.142 0.388 0.306 0.587   -1.0
0.034 0.383 0.504 0.156   -1.0
0.144 0.751 0.672 0.177   -1.0
0.586 0.740 0.240 0.376   -1.0
0.841 0.394 0.962 0.228   1.0
0.912 0.330 0.577 0.981   1.0
0.185 0.123 0.022 0.491   -1.0
0.604 0.525 0.093 0.108   -1.0
0.223 0.252 0.432 0.896   -1.0
0.293 0.481 0.169 0.534   -1.0
0.280 0.375 0.251 0.242   -1.0
0.117 0.154 0.932 0.695   -1.0
0.567 0.879 0.257 0.588   1.0
0.967 0.193 0.895 0.060   1.0
0.576 0.284 0.553 0.008   -1.0
0.983 0.301 0.661 0.152   1.0
0.517 0.432 0.209 0.769   -1.0
0.812 0.886 0.828 0.744   1.0
0.963 0.311 0.459 0.221   -1.0
0.829 0.188 0.092 0.724   -1.0
0.393 0.300 0.532 0.946   1.0
0.711 0.929 0.610 0.371   1.0
0.444 0.889 0.513 0.654   1.0
0.187 0.465 0.543 0.015   -1.0
0.124 0.979 0.520 0.583   1.0
0.419 0.412 0.387 0.511   -1.0
0.635 0.904 0.437 0.166   1.0
0.745 0.877 0.779 0.355   1.0
0.860 0.799 0.137 0.373   1.0
0.795 0.560 0.918 0.338   1.0
0.127 0.462 0.554 0.647   -1.0
0.753 0.066 0.457 0.140   -1.0
0.594 0.775 0.481 0.031   -1.0
0.332 0.776 0.818 0.111   1.0
0.067 0.971 0.929 0.205   1.0
0.382 1.000 0.905 0.300   1.0
0.480 0.427 0.800 0.034   -1.0
0.845 0.788 0.140 0.302   1.0
0.718 0.896 0.703 0.199   1.0
0.644 0.531 0.702 0.462   1.0
0.832 0.529 0.614 0.762   1.0
0.958 0.144 0.733 0.863   1.0
0.071 0.343 0.871 0.871   1.0
0.945 0.715 0.164 0.085   -1.0
0.092 0.802 0.913 0.795   1.0
0.839 0.438 0.532 0.541   1.0
0.175 0.373 0.430 0.788   -1.0
0.164 0.746 0.279 0.897   1.0
0.723 0.968 0.952 0.593   1.0
0.329 0.538 0.554 0.493   -1.0
0.572 0.585 0.425 0.485   1.0
0.427 0.324 0.818 0.959   1.0
0.718 0.134 0.238 0.148   -1.0
0.374 0.311 0.669 0.653   1.0
0.278 0.376 0.177 0.229   1.0*
0.016 0.558 0.507 0.570   -1.0
0.130 0.142 0.636 0.555   -1.0
0.015 0.982 0.950 0.833   1.0
0.815 0.551 0.074 0.053   -1.0
0.997 0.426 0.010 0.665   1.0
0.219 0.943 0.455 0.395   1.0
0.424 0.411 0.730 0.931   -1.0*
0.781 0.061 0.122 0.416   -1.0
0.748 0.432 0.597 0.698   1.0
0.538 0.513 0.815 0.612   1.0
0.514 0.609 0.992 0.524   1.0
0.071 0.743 0.217 0.526   -1.0
0.389 0.949 0.549 0.119   1.0
0.529 0.900 0.941 0.651   1.0
0.556 0.400 0.748 0.154   -1.0
0.012 0.692 0.611 0.828   1.0
0.177 0.342 0.913 0.169   -1.0
0.188 0.240 0.609 0.405   -1.0
0.747 0.794 0.714 0.296   1.0
0.594 0.825 0.813 0.535   1.0
0.130 0.092 0.876 0.878   -1.0
0.975 0.890 0.937 0.586   1.0
0.241 0.762 0.059 0.155   -1.0
0.925 0.342 0.171 0.534   -1.0
0.936 0.281 0.541 0.650   1.0
0.454 0.245 0.401 0.268   -1.0
0.878 0.398 0.871 0.754   1.0
0.116 0.728 0.165 0.053   -1.0
0.883 0.295 0.077 0.942   1.0
0.008 0.867 0.792 0.178   -1.0
0.539 0.114 0.682 0.080   -1.0
0.258 0.534 0.009 0.659   -1.0
0.788 0.537 0.199 0.659   1.0
0.474 0.776 0.019 0.640   -1.0
0.334 0.522 0.124 0.410   -1.0
0.573 0.418 0.330 0.365   -1.0
0.731 0.903 0.710 0.413   -1.0*
0.475 0.671 0.517 0.483   1.0
0.318 0.272 0.867 0.518   -1.0
0.158 0.992 0.707 0.178   1.0
0.536 0.511 0.154 0.660   -1.0
0.617 0.233 0.339 0.948   1.0
0.936 0.679 0.501 0.646   1.0
0.484 0.121 0.762 0.001   -1.0
0.092 0.319 0.876 0.960   1.0
0.807 0.118 0.829 0.514   1.0
0.460 0.050 0.806 0.614   -1.0
0.728 0.231 0.944 0.067   -1.0
0.542 0.002 0.858 0.044   -1.0
0.950 0.528 0.769 0.712   1.0
0.373 0.804 0.848 0.248   1.0
0.685 0.055 0.882 0.514   1.0
0.177 0.974 0.620 0.983   1.0
0.330 0.711 0.819 0.274   1.0
0.999 0.816 0.781 0.857   1.0
0.429 0.806 0.388 0.198   -1.0
0.916 0.571 0.323 0.764   1.0
0.087 0.449 0.875 0.969   -1.0*
0.444 0.146 0.936 0.063   -1.0
0.524 0.394 0.840 0.344   1.0
0.618 0.342 0.484 0.399   -1.0
0.344 0.828 0.005 0.732   -1.0
0.524 0.648 0.597 0.847   1.0
0.416 0.934 0.861 0.290   1.0
0.823 0.734 0.048 0.760   1.0
0.177 0.284 0.191 0.018   -1.0
0.859 0.636 0.970 0.344   1.0
0.169 0.688 0.863 0.175   -1.0
0.888 0.698 0.068 0.485   1.0
0.480 0.901 0.479 0.341   1.0
0.382 0.164 0.926 0.430   -1.0
0.723 0.607 0.209 0.915   1.0
0.837 0.774 0.261 0.807   1.0
0.296 0.976 0.805 0.158   1.0
0.225 0.047 0.849 0.293   -1.0
0.394 0.773 0.432 0.874   1.0
0.624 0.255 0.278 0.549   -1.0
0.203 0.273 0.293 0.411   -1.0
0.918 0.248 0.962 0.179   1.0
0.080 0.474 0.031 0.885   -1.0
0.181 0.110 0.679 0.030   -1.0
0.210 0.425 0.176 0.643   -1.0
0.290 0.266 0.554 0.569   -1.0
0.240 0.771 0.088 0.532   -1.0
0.276 0.450 0.430 0.238   -1.0
0.485 0.317 0.103 0.516   -1.0
0.736 0.697 0.312 0.415   1.0
0.715 0.625 0.152 0.892   1.0
0.451 0.182 0.535 0.005   -1.0
0.350 0.245 0.522 0.439   -1.0
0.704 0.715 0.227 0.134   1.0*
0.857 0.619 0.270 0.960   1.0
0.472 0.696 0.832 0.785   1.0
0.560 0.500 0.736 0.712   1.0
0.004 0.163 0.573 0.539   -1.0
0.324 0.889 0.413 0.845   1.0
0.190 0.549 0.043 0.417   -1.0
0.995 0.274 0.303 0.265   -1.0
0.438 0.737 0.930 0.270   1.0
0.040 0.830 0.022 0.776   -1.0
0.414 0.780 0.706 0.987   1.0
0.874 0.311 0.208 0.287   -1.0
0.536 0.476 0.705 0.579   1.0
0.389 0.574 0.167 0.692   -1.0
0.401 0.130 0.577 0.330   -1.0
0.099 0.371 0.231 0.121   -1.0
0.773 0.535 0.927 0.479   1.0
0.246 0.352 0.834 0.455   -1.0
0.989 0.991 0.115 0.695   1.0
0.009 0.083 0.144 0.176   -1.0
0.983 0.577 0.905 0.560   1.0
0.306 0.659 0.278 0.536   -1.0
0.425 0.309 0.316 0.352   -1.0
0.838 0.599 0.140 0.672   1.0
0.779 0.661 0.044 0.894   1.0
0.614 0.903 0.439 0.758   1.0
0.214 0.741 0.656 0.119   -1.0
0.564 0.425 0.960 0.842   -1.0*
0.740 0.267 0.270 0.056   -1.0
0.058 0.894 0.218 0.198   -1.0
0.271 0.977 0.228 0.315   -1.0
0.584 0.928 0.774 0.023   1.0
0.853 0.237 0.427 0.509   1.0
0.728 0.072 0.782 0.687   1.0
0.743 0.428 0.181 0.013   -1.0
0.800 0.070 0.378 0.018   -1.0
0.945 0.288 0.245 0.173   -1.0
0.115 0.757 0.531 0.889   1.0
0.217 0.742 0.017 0.644   -1.0
0.374 0.372 0.323 0.156   -1.0
0.237 0.898 0.487 0.418   1.0
0.971 0.218 0.982 0.349   1.0
0.250 0.294 0.524 0.494   -1.0
0.127 0.609 0.223 0.659   -1.0
0.003 0.876 0.240 0.020   -1.0
0.490 0.394 0.891 0.813   1.0
0.950 0.050 0.449 0.437   -1.0
0.360 0.408 0.687 0.341   -1.0
0.922 0.591 0.051 0.446   1.0
0.518 0.574 0.695 0.741   1.0
0.193 0.745 0.108 0.433   -1.0
0.628 0.923 0.160 0.519   1.0
0.710 0.470 0.787 0.158   1.0
0.256 0.518 0.315 0.942   1.0
0.073 0.865 0.451 0.124   -1.0
0.536 0.642 0.885 0.230   1.0
0.117 0.423 0.128 0.225   -1.0
0.893 0.853 0.779 0.053   1.0
0.516 0.762 0.842 0.303   1.0
0.750 0.559 0.439 0.065   -1.0
0.299 0.137 0.366 0.750   -1.0
0.677 0.285 0.903 0.562   1.0
0.287 0.678 0.939 0.415   1.0
0.795 0.308 0.757 0.574   1.0
0.129 0.090 0.123 0.972   -1.0
0.044 0.721 0.952 0.483   1.0
0.453 0.782 0.924 0.819   1.0
0.185 0.496 0.817 0.088   -1.0
0.332 0.375 0.736 0.271   -1.0
0.639 0.066 0.097 0.396   -1.0
0.458 0.525 0.731 0.581   1.0
0.125 0.625 0.218 0.077   -1.0
0.004 0.530 0.889 0.928   1.0
0.421 0.113 0.844 0.237   -1.0
0.901 0.570 0.576 0.637   1.0
0.366 0.276 0.908 0.463   1.0
0.548 0.921 0.197 0.280   -1.0
0.693 0.404 0.127 0.912   1.0
0.235 0.916 0.011 0.124   -1.0
0.359 0.545 0.957 0.204   1.0
0.158 0.105 0.352 0.735   -1.0
0.193 0.100 0.018 0.100   -1.0
0.690 0.649 0.485 0.887   1.0
0.987 0.580 0.332 0.114   1.0
0.813 0.349 0.408 0.824   1.0
0.252 0.183 0.018 0.209   -1.0
0.800 0.367 0.492 0.152   -1.0
0.234 0.345 0.202 0.252   -1.0
0.765 0.942 0.094 0.250   1.0
0.022 0.238 0.409 0.354   -1.0
0.901 0.167 0.701 0.308   -1.0*
0.174 0.560 0.174 0.192   -1.0
0.561 0.993 0.136 0.053   -1.0
0.237 0.287 0.489 0.439   -1.0
0.934 0.204 0.480 0.027   -1.0
0.309 0.049 0.692 0.718   -1.0
0.044 0.618 0.570 0.745   -1.0
0.562 0.920 0.487 0.736   1.0
0.255 0.297 0.105 0.391   -1.0
0.249 0.628 0.637 0.738   1.0
0.175 0.672 0.271 0.656   -1.0
0.726 0.964 0.748 0.418   1.0
0.152 0.462 0.301 0.722   -1.0
0.227 0.284 0.128 0.714   -1.0
0.240 0.970 0.317 0.345   -1.0
0.667 0.594 0.989 0.304   1.0
0.055 0.479 0.004 0.326   -1.0
0.703 0.052 0.099 0.452   -1.0
0.781 0.604 0.933 0.081   1.0
0.141 0.309 0.609 0.268   -1.0
0.629 0.508 0.993 0.945   1.0
0.353 0.612 0.447 0.342   -1.0
0.779 0.397 0.395 0.783   1.0
0.529 0.487 0.776 0.628   1.0
0.246 0.408 0.542 0.178   -1.0
0.867 0.319 0.799 0.477   1.0
0.822 0.105 0.096 0.814   -1.0
0.949 0.168 0.663 0.396   1.0
0.579 0.175 0.907 0.973   -1.0*
0.630 0.502 0.445 0.406   -1.0
0.384 0.651 0.538 0.925   1.0
0.028 0.793 0.149 0.827   -1.0
0.736 0.648 0.375 0.832   1.0
0.426 0.781 0.630 0.088   -1.0
0.140 0.667 0.353 0.046   -1.0
0.311 0.676 0.142 0.756   -1.0
0.272 0.140 0.733 0.810   -1.0
0.563 0.838 0.858 0.711   1.0
0.128 0.447 0.312 0.503   -1.0
0.775 0.928 0.060 0.405   1.0
0.237 0.545 0.684 0.590   1.0
0.324 0.901 0.267 0.466   -1.0
0.349 0.738 0.797 0.082   -1.0
0.863 0.645 0.386 0.721   1.0
0.050 0.849 0.803 0.362   1.0
0.082 0.137 0.281 0.142   -1.0
0.297 0.379 0.087 0.981   1.0*
0.678 0.305 0.870 0.945   1.0
0.527 0.294 0.510 0.324   -1.0
0.058 0.187 0.020 0.443   -1.0
0.376 0.493 0.758 0.179   -1.0
0.110 0.261 0.992 0.390   -1.0
0.534 0.688 0.781 0.621   1.0
0.750 0.299 0.974 0.619   1.0
0.746 0.146 0.537 0.256   -1.0
0.913 0.313 0.658 0.934   1.0
0.567 0.310 0.249 0.324   -1.0
0.104 0.434 0.750 0.096   -1.0
0.152 0.630 0.512 0.934   1.0
0.181 0.684 0.549 0.155   -1.0
0.793 0.901 0.450 0.330   1.0
0.921 0.243 0.470 0.579   1.0
0.226 0.145 0.487 0.475   -1.0
0.975 0.578 0.903 0.725   1.0
0.727 0.878 0.304 0.239   1.0
0.554 0.420 0.495 0.104   -1.0
0.798 0.897 0.475 0.248   1.0
0.632 0.168 0.470 0.101   -1.0
0.647 0.327 0.892 0.134   1.0
0.362 0.109 0.380 0.265   -1.0
0.054 0.992 0.712 0.358   1.0
0.523 0.912 0.651 0.018   1.0
0.225 0.817 0.912 0.701   1.0
0.139 0.333 0.233 0.609   -1.0
0.980 0.256 0.761 0.872   1.0
0.563 0.234 0.500 0.943   1.0
0.334 0.997 0.491 0.046   -1.0
0.722 0.570 0.267 0.373   -1.0
0.282 0.598 0.405 0.194   -1.0
0.469 0.334 0.632 0.703   1.0
0.066 0.683 0.199 0.827   -1.0
0.590 0.390 0.789 0.089   -1.0
0.288 0.423 0.330 0.778   -1.0
0.684 0.500 0.039 0.951   1.0
0.627 0.233 0.471 0.032   -1.0
0.771 0.501 0.761 0.402   1.0
0.704 0.469 0.887 0.903   1.0
0.442 0.493 0.686 0.231   -1.0
0.019 0.518 0.005 0.349   -1.0
0.475 0.033 0.797 0.514   1.0*
0.670 0.141 0.217 0.141   -1.0
0.645 0.912 0.674 0.406   1.0
0.878 0.110 0.783 0.765   1.0
0.079 0.207 0.506 0.765   -1.0
0.088 0.784 0.956 0.093   -1.0
0.253 0.567 0.166 0.050   -1.0
0.151 0.720 0.222 0.368   -1.0
0.395 0.013 0.774 0.069   -1.0
0.088 0.948 0.528 0.871   1.0
0.541 0.950 0.920 0.047   1.0
0.358 0.134 0.499 0.314   -1.0
0.632 0.567 0.794 0.798   1.0
0.876 0.949 0.338 0.098   1.0
0.200 0.493 0.330 0.973   -1.0
0.748 0.061 0.510 0.277   -1.0
0.223 0.818 0.882 0.143   1.0
0.597 0.501 0.998 0.096   1.0
0.225 0.728 0.382 0.019   -1.0
1.000 0.895 0.475 0.338   -1.0*
0.792 0.537 0.485 0.122   -1.0
0.047 0.871 0.572 0.557   1.0
0.504 0.780 0.965 0.386   1.0
0.829 0.983 0.423 0.828   1.0
0.238 0.053 0.806 0.620   -1.0
0.332 0.620 0.967 0.807   -1.0*
0.960 0.599 0.494 0.445   1.0
0.005 0.492 0.592 0.577   -1.0
0.739 0.080 0.829 0.704   1.0
0.751 0.534 0.449 0.174   -1.0
0.527 0.412 0.414 0.333   -1.0
0.486 0.665 0.651 0.453   1.0
0.608 0.413 0.071 0.103   -1.0
0.793 0.107 0.349 0.385   -1.0
0.398 0.124 0.764 0.227   -1.0
0.231 0.978 0.362 0.680   1.0
0.724 0.207 0.564 0.138   -1.0
0.595 0.624 0.206 0.246   -1.0
0.678 0.855 0.490 0.749   -1.0*
0.347 0.542 0.065 0.697   -1.0
0.749 0.095 0.051 0.513   -1.0
0.880 0.744 0.300 0.242   1.0
0.452 0.966 0.630 0.016   1.0
0.171 0.612 0.728 0.377   -1.0
0.805 0.054 0.713 0.294   -1.0
0.670 0.641 0.345 0.735   1.0
0.272 0.483 0.433 0.323   1.0*
0.755 0.202 0.739 0.055   -1.0
0.163 0.508 0.410 0.793   -1.0
0.514 0.964 0.136 0.241   -1.0
0.994 0.046 0.395 0.707   1.0
0.198 0.376 0.982 0.544   1.0
0.320 0.815 0.594 0.753   1.0
0.590 0.508 0.340 0.329   -1.0
0.784 0.492 0.071 0.194   -1.0
0.595 0.708 0.249 0.731   1.0
0.590 0.725 0.996 0.985   1.0
0.336 0.183 0.808 0.318   -1.0
0.919 0.638 0.542 0.513   1.0
0.680 0.103 0.899 0.020   -1.0
0.462 0.805 0.924 0.533   -1.0*
0.209 0.128 0.707 0.459   -1.0
0.656 0.049 0.584 0.652   -1.0
0.015 0.988 0.218 0.823   1.0
0.945 0.742 0.944 0.487   1.0
0.335 0.167 0.358 0.234   -1.0
0.790 0.696 0.992 0.714   1.0
0.991 0.923 0.357 0.698   1.0
0.216 0.354 0.431 0.800   -1.0
0.465 0.815 0.994 0.683   1.0
0.300 0.628 0.380 0.244   -1.0
0.635 0.579 0.282 0.993   1.0
0.469 0.783 0.508 0.462   1.0
0.737 0.453 0.420 0.094   -1.0
0.803 0.310 0.505 0.234   -1.0
0.512 0.699 0.926 0.506   1.0
0.564 0.806 0.010 0.945   1.0
0.124 0.580 0.630 0.406   -1.0
0.442 0.876 0.356 0.951   1.0
0.852 0.688 0.790 0.273   1.0
0.941 0.075 0.092 0.446   -1.0
0.202 0.958 0.008 0.128   -1.0
0.390 0.692 0.270 0.400   -1.0
0.321 0.524 0.217 0.951   1.0
0.790 0.393 0.806 0.146   1.0
0.143 0.998 0.031 0.933   1.0
0.813 0.874 0.346 0.904   1.0
0.655 0.107 0.279 0.663   -1.0
0.743 0.054 0.927 0.013   -1.0
0.563 0.334 0.978 0.780   1.0
0.909 0.570 0.678 0.715   1.0
0.021 0.858 0.714 0.052   -1.0
0.985 0.865 0.666 0.331   1.0
0.986 0.986 0.876 0.265   1.0
0.111 0.008 0.703 0.037   -1.0
0.157 0.600 0.355 0.136   -1.0
0.640 0.044 0.951 0.318   -1.0
0.667 0.339 0.617 0.381   1.0
0.409 0.366 0.257 0.074   -1.0
0.026 0.061 0.682 0.902   -1.0
0.331 0.013 0.334 0.034   -1.0
0.355 0.191 0.650 0.710   -1.0
0.031 0.350 0.371 0.982   -1.0
0.131 0.649 0.007 0.748   -1.0
0.399 0.157 0.396 0.655   -1.0
0.092 0.682 0.292 0.775   -1.0
0.618 0.106 0.597 0.952   1.0
0.646 0.307 0.332 0.297   -1.0
0.659 0.328 0.368 0.030   -1.0
0.036 0.161 0.959 0.043   -1.0
0.989 0.442 0.065 0.385   -1.0
0.296 0.477 0.779 0.588   1.0
0.363 0.206 0.358 0.960   -1.0
0.498 0.606 0.465 0.830   1.0
0.482 0.488 0.230 0.850   1.0
0.540 0.886 0.679 0.498   1.0
0.587 0.487 0.371 0.652   1.0
0.469 0.948 0.349 0.248   1.0
0.600 0.611 0.742 0.958   1.0
0.899 0.456 0.177 0.364   -1.0
0.079 0.846 0.774 0.309   1.0
0.292 0.849 0.581 0.971   1.0
0.510 0.558 0.834 0.881   1.0
0.706 0.350 0.159 0.055   -1.0
0.695 0.655 0.209 0.437   -1.0
0.780 0.336 0.069 0.957   1.0
0.355 0.037 0.546 0.128   -1.0
0.241 0.420 0.195 0.822   -1.0
0.542 0.332 0.950 0.376   1.0
0.161 0.082 0.563 0.320   -1.0
0.161 0.015 0.793 0.370   -1.0
0.406 0.151 0.788 0.475   -1.0
0.488 0.829 0.144 0.033   1.0*
0.490 0.274 0.378 0.685   -1.0
0.769 0.227 0.428 0.719   1.0
0.641 0.880 0.686 0.204   1.0
0.823 0.365 0.215 0.616   1.0
0.667 0.022 0.886 0.455   1.0
0.994 0.943 0.326 0.138   -1.0*
0.284 0.629 0.251 0.662   -1.0
0.347 0.432 0.542 0.775   1.0
0.145 0.416 0.031 0.832   -1.0
0.231 0.655 0.985 0.446   1.0
0.720 0.113 0.293 0.606   -1.0
0.789 0.600 0.511 0.116   1.0
0.488 0.399 0.368 0.739   -1.0
0.682 0.086 0.493 0.224   -1.0
0.644 0.369 0.277 0.675   -1.0
0.897 0.905 0.856 0.881   1.0
0.127 0.602 0.464 0.419   -1.0
0.033 0.209 0.808 0.544   -1.0
0.547 0.032 0.724 0.915   1.0
0.785 0.597 0.856 0.278   1.0
0.717 0.922 0.189 0.993   1.0
0.390 0.890 0.502 0.246   1.0
0.854 0.372 0.373 0.318   -1.0
0.581 0.351 0.001 0.389   -1.0
0.325 0.936 0.926 0.049   1.0
0.697 0.835 0.447 0.553   1.0
0.267 0.269 0.035 0.457   -1.0
0.632 0.846 0.153 0.135   -1.0
0.924 0.989 0.464 0.297   1.0
0.256 0.878 0.658 0.257   1.0
0.552 0.582 0.203 0.478   -1.0
0.054 0.175 0.465 0.501   -1.0
0.578 0.769 0.997 0.614   1.0
0.260 0.246 0.072 0.413   -1.0
0.164 0.337 0.370 0.628   -1.0
0.677 0.884 0.512 0.334   1.0
0.779 0.886 0.722 0.982   1.0
0.353 0.036 0.540 0.819   -1.0
0.267 0.397 0.306 0.264   -1.0
0.531 0.524 0.257 0.602   -1.0
0.638 0.766 0.274 0.008   -1.0
0.908 0.684 0.278 0.421   1.0
0.419 0.200 0.904 0.141   -1.0
0.269 0.495 0.218 0.808   -1.0
0.755 0.076 0.710 0.060   -1.0
0.721 0.591 0.864 0.978   1.0
0.802 0.616 0.959 0.076   1.0
0.353 0.985 0.308 0.631   1.0
0.326 0.050 0.605 0.230   -1.0
0.787 0.499 0.686 0.004   -1.0
0.999 0.759 0.383 0.710   1.0
0.723 0.431 0.410 0.587   1.0
0.604 0.389 0.025 0.563   -1.0
0.649 0.917 0.450 0.956   1.0
0.855 0.282 0.598 0.459   1.0
0.790 0.246 0.010 0.476   -1.0
0.318 0.475 0.009 0.700   -1.0
0.829 0.423 0.616 0.239   1.0
0.025 0.843 0.399 0.050   -1.0
0.864 0.699 0.323 0.314   1.0
0.871 0.169 0.937 0.469   1.0
0.448 0.259 0.874 0.459   1.0
0.124 0.776 0.210 0.134   -1.0
0.395 0.962 0.900 0.011   1.0
0.910 0.036 0.045 0.309   -1.0
0.451 0.174 0.784 0.774   1.0
0.439 0.644 0.657 0.376   1.0
0.285 0.824 0.372 0.159   -1.0
0.106 0.283 0.059 0.316   -1.0
0.535 0.711 0.379 0.435   1.0
0.581 0.345 0.757 0.626   1.0
0.843 0.077 0.828 0.627   1.0
0.316 0.067 0.494 0.973   -1.0
