param m := 800;
param n := 3;
param K := 1;
param nus := 
1 1
;

param sigma := 3; 
param y := 
1 -1.0
2 1.0
3 1.0
4 -1.0
5 1.0
6 1.0
7 1.0
8 1.0
9 -1.0
10 1.0
11 1.0
12 -1.0
13 -1.0
14 -1.0
15 -1.0
16 1.0
17 -1.0
18 1.0
19 -1.0
20 -1.0
21 1.0
22 -1.0
23 -1.0
24 -1.0
25 -1.0
26 1.0
27 1.0
28 1.0
29 -1.0
30 1.0
31 -1.0
32 -1.0
33 1.0
34 1.0
35 1.0
36 -1.0
37 1.0
38 -1.0
39 1.0
40 -1.0
41 1.0
42 1.0
43 -1.0
44 1.0
45 1.0
46 -1.0
47 -1.0
48 -1.0
49 -1.0
50 -1.0
51 -1.0
52 1.0
53 1.0
54 1.0
55 1.0
56 -1.0
57 -1.0
58 -1.0
59 1.0
60 -1.0
61 1.0
62 -1.0
63 -1.0
64 1.0
65 1.0
66 1.0
67 1.0
68 -1.0
69 1.0
70 1.0
71 -1.0
72 1.0
73 -1.0
74 -1.0
75 1.0
76 1.0
77 1.0
78 -1.0
79 1.0
80 -1.0
81 -1.0
82 1.0
83 -1.0
84 -1.0
85 1.0
86 1.0
87 1.0
88 -1.0
89 -1.0
90 1.0
91 -1.0
92 1.0
93 1.0
94 1.0
95 -1.0
96 -1.0
97 -1.0
98 -1.0
99 1.0
100 -1.0
101 1.0
102 -1.0
103 -1.0
104 -1.0
105 1.0
106 1.0
107 -1.0
108 -1.0
109 -1.0
110 -1.0
111 1.0
112 1.0
113 1.0
114 1.0
115 -1.0
116 1.0
117 1.0
118 1.0
119 -1.0
120 1.0
121 -1.0
122 -1.0
123 1.0
124 -1.0
125 1.0
126 1.0
127 -1.0
128 1.0
129 1.0
130 -1.0
131 -1.0
132 -1.0
133 -1.0
134 -1.0
135 -1.0
136 -1.0
137 -1.0
138 1.0
139 1.0
140 1.0
141 1.0
142 -1.0
143 1.0
144 -1.0
145 -1.0
146 1.0
147 1.0
148 1.0
149 -1.0
150 1.0
151 -1.0
152 1.0
153 -1.0
154 1.0
155 -1.0
156 -1.0
157 -1.0
158 -1.0
159 1.0
160 -1.0
161 1.0
162 -1.0
163 -1.0
164 1.0
165 -1.0
166 1.0
167 -1.0
168 1.0
169 1.0
170 -1.0
171 1.0
172 1.0
173 1.0
174 -1.0
175 -1.0
176 1.0
177 1.0
178 1.0
179 1.0
180 1.0
181 1.0
182 -1.0
183 1.0
184 -1.0
185 1.0
186 1.0
187 1.0
188 -1.0
189 1.0
190 1.0
191 1.0
192 1.0
193 -1.0
194 -1.0
195 -1.0
196 -1.0
197 1.0
198 -1.0
199 1.0
200 -1.0
201 -1.0
202 1.0
203 -1.0
204 1.0
205 1.0
206 -1.0
207 -1.0
208 -1.0
209 1.0
210 1.0
211 -1.0
212 1.0
213 1.0
214 1.0
215 -1.0
216 1.0
217 -1.0
218 -1.0
219 1.0
220 1.0
221 -1.0
222 1.0
223 1.0
224 1.0
225 -1.0
226 1.0
227 -1.0
228 -1.0
229 -1.0
230 1.0
231 -1.0
232 -1.0
233 -1.0
234 -1.0
235 1.0
236 1.0
237 1.0
238 -1.0
239 1.0
240 1.0
241 -1.0
242 -1.0
243 1.0
244 1.0
245 -1.0
246 1.0
247 1.0
248 1.0
249 -1.0
250 1.0
251 -1.0
252 -1.0
253 1.0
254 1.0
255 1.0
256 -1.0
257 -1.0
258 -1.0
259 -1.0
260 1.0
261 1.0
262 1.0
263 -1.0
264 1.0
265 1.0
266 1.0
267 1.0
268 -1.0
269 -1.0
270 -1.0
271 -1.0
272 1.0
273 -1.0
274 -1.0
275 1.0
276 -1.0
277 -1.0
278 1.0
279 -1.0
280 -1.0
281 1.0
282 1.0
283 1.0
284 1.0
285 1.0
286 1.0
287 -1.0
288 -1.0
289 -1.0
290 -1.0
291 1.0
292 -1.0
293 1.0
294 -1.0
295 -1.0
296 1.0
297 1.0
298 -1.0
299 -1.0
300 -1.0
301 1.0
302 -1.0
303 1.0
304 -1.0
305 1.0
306 -1.0
307 1.0
308 1.0
309 1.0
310 1.0
311 1.0
312 -1.0
313 -1.0
314 -1.0
315 1.0
316 1.0
317 -1.0
318 -1.0
319 -1.0
320 -1.0
321 -1.0
322 -1.0
323 -1.0
324 1.0
325 1.0
326 1.0
327 -1.0
328 1.0
329 1.0
330 1.0
331 1.0
332 -1.0
333 -1.0
334 1.0
335 -1.0
336 -1.0
337 -1.0
338 1.0
339 -1.0
340 1.0
341 1.0
342 1.0
343 -1.0
344 -1.0
345 -1.0
346 1.0
347 1.0
348 1.0
349 1.0
350 1.0
351 1.0
352 1.0
353 -1.0
354 -1.0
355 -1.0
356 1.0
357 -1.0
358 -1.0
359 -1.0
360 1.0
361 -1.0
362 -1.0
363 1.0
364 -1.0
365 1.0
366 -1.0
367 1.0
368 1.0
369 -1.0
370 1.0
371 -1.0
372 -1.0
373 1.0
374 1.0
375 -1.0
376 1.0
377 1.0
378 -1.0
379 1.0
380 -1.0
381 1.0
382 -1.0
383 -1.0
384 -1.0
385 -1.0
386 -1.0
387 -1.0
388 -1.0
389 1.0
390 -1.0
391 1.0
392 1.0
393 -1.0
394 -1.0
395 1.0
396 1.0
397 1.0
398 -1.0
399 -1.0
400 1.0
401 1.0
402 1.0
403 1.0
404 1.0
405 -1.0
406 -1.0
407 -1.0
408 1.0
409 -1.0
410 -1.0
411 -1.0
412 1.0
413 1.0
414 -1.0
415 1.0
416 1.0
417 1.0
418 1.0
419 1.0
420 1.0
421 -1.0
422 1.0
423 1.0
424 -1.0
425 -1.0
426 -1.0
427 1.0
428 1.0
429 -1.0
430 -1.0
431 -1.0
432 1.0
433 -1.0
434 -1.0
435 1.0
436 -1.0
437 -1.0
438 -1.0
439 1.0
440 1.0
441 1.0
442 1.0
443 -1.0
444 -1.0
445 -1.0
446 1.0
447 -1.0
448 -1.0
449 -1.0
450 1.0
451 -1.0
452 -1.0
453 -1.0
454 1.0
455 -1.0
456 -1.0
457 -1.0
458 1.0
459 1.0
460 -1.0
461 -1.0
462 -1.0
463 1.0
464 1.0
465 -1.0
466 1.0
467 1.0
468 1.0
469 1.0
470 1.0
471 -1.0
472 -1.0
473 1.0
474 -1.0
475 1.0
476 1.0
477 -1.0
478 1.0
479 -1.0
480 1.0
481 1.0
482 1.0
483 -1.0
484 1.0
485 1.0
486 -1.0
487 -1.0
488 1.0
489 -1.0
490 1.0
491 -1.0
492 1.0
493 -1.0
494 1.0
495 1.0
496 -1.0
497 -1.0
498 -1.0
499 1.0
500 1.0
501 -1.0
502 -1.0
503 -1.0
504 1.0
505 1.0
506 1.0
507 1.0
508 1.0
509 1.0
510 1.0
511 -1.0
512 1.0
513 -1.0
514 1.0
515 1.0
516 1.0
517 -1.0
518 1.0
519 1.0
520 -1.0
521 -1.0
522 1.0
523 1.0
524 1.0
525 -1.0
526 -1.0
527 -1.0
528 1.0
529 -1.0
530 1.0
531 -1.0
532 -1.0
533 1.0
534 1.0
535 1.0
536 -1.0
537 -1.0
538 1.0
539 -1.0
540 1.0
541 -1.0
542 -1.0
543 1.0
544 -1.0
545 1.0
546 -1.0
547 -1.0
548 1.0
549 1.0
550 -1.0
551 1.0
552 -1.0
553 -1.0
554 -1.0
555 1.0
556 1.0
557 1.0
558 -1.0
559 1.0
560 1.0
561 1.0
562 -1.0
563 1.0
564 1.0
565 -1.0
566 1.0
567 1.0
568 1.0
569 -1.0
570 1.0
571 1.0
572 -1.0
573 -1.0
574 1.0
575 -1.0
576 -1.0
577 1.0
578 1.0
579 1.0
580 -1.0
581 1.0
582 1.0
583 -1.0
584 1.0
585 1.0
586 -1.0
587 1.0
588 1.0
589 -1.0
590 -1.0
591 -1.0
592 -1.0
593 -1.0
594 1.0
595 1.0
596 1.0
597 -1.0
598 1.0
599 1.0
600 -1.0
601 -1.0
602 -1.0
603 1.0
604 1.0
605 -1.0
606 1.0
607 -1.0
608 1.0
609 1.0
610 1.0
611 1.0
612 1.0
613 -1.0
614 1.0
615 -1.0
616 1.0
617 -1.0
618 1.0
619 1.0
620 -1.0
621 1.0
622 1.0
623 1.0
624 -1.0
625 -1.0
626 1.0
627 -1.0
628 -1.0
629 -1.0
630 -1.0
631 -1.0
632 1.0
633 1.0
634 1.0
635 -1.0
636 -1.0
637 -1.0
638 -1.0
639 1.0
640 -1.0
641 -1.0
642 1.0
643 1.0
644 -1.0
645 -1.0
646 1.0
647 1.0
648 -1.0
649 -1.0
650 1.0
651 -1.0
652 1.0
653 1.0
654 1.0
655 1.0
656 1.0
657 -1.0
658 1.0
659 1.0
660 -1.0
661 1.0
662 -1.0
663 1.0
664 -1.0
665 -1.0
666 -1.0
667 1.0
668 -1.0
669 1.0
670 1.0
671 1.0
672 -1.0
673 1.0
674 1.0
675 1.0
676 -1.0
677 -1.0
678 -1.0
679 -1.0
680 1.0
681 -1.0
682 -1.0
683 -1.0
684 1.0
685 1.0
686 -1.0
687 1.0
688 1.0
689 -1.0
690 1.0
691 1.0
692 1.0
693 1.0
694 1.0
695 -1.0
696 -1.0
697 -1.0
698 1.0
699 1.0
700 1.0
701 1.0
702 1.0
703 -1.0
704 -1.0
705 1.0
706 -1.0
707 -1.0
708 1.0
709 -1.0
710 -1.0
711 -1.0
712 1.0
713 -1.0
714 1.0
715 1.0
716 1.0
717 1.0
718 -1.0
719 -1.0
720 1.0
721 -1.0
722 1.0
723 -1.0
724 1.0
725 1.0
726 -1.0
727 1.0
728 1.0
729 -1.0
730 1.0
731 -1.0
732 1.0
733 -1.0
734 1.0
735 -1.0
736 1.0
737 -1.0
738 -1.0
739 1.0
740 -1.0
741 -1.0
742 -1.0
743 1.0
744 -1.0
745 1.0
746 -1.0
747 1.0
748 -1.0
749 -1.0
750 -1.0
751 -1.0
752 -1.0
753 1.0
754 -1.0
755 -1.0
756 -1.0
757 1.0
758 -1.0
759 1.0
760 -1.0
761 1.0
762 1.0
763 -1.0
764 1.0
765 1.0
766 -1.0
767 1.0
768 -1.0
769 -1.0
770 1.0
771 -1.0
772 1.0
773 1.0
774 1.0
775 1.0
776 1.0
777 -1.0
778 1.0
779 1.0
780 1.0
781 -1.0
782 -1.0
783 -1.0
784 -1.0
785 -1.0
786 1.0
787 -1.0
788 -1.0
789 1.0
790 -1.0
791 1.0
792 1.0
793 1.0
794 1.0
795 -1.0
796 -1.0
797 1.0
798 1.0
799 1.0
800 -1.0
;

param A : 
 1 2 3 := 
1 2.183335015255181 17.407224957164225 -4.66447622438726
2 6.772559289052235 2.5596079600758985 11.812879962483608
3 -5.275572146119429 1.431618497095365 -9.040669112661442
4 1.335399080090848 8.6315978659408 -4.801413276574466
5 9.589400297516788 2.6900106736902005 9.265807297950087
6 0.09241197300322952 5.7573739977559235 -11.003584394650332
7 12.582762258555515 17.177307506500306 0.23354925544320707
8 9.428829800048574 8.222039661734415 -7.275047042158872
9 -1.5084501472775955 14.032468769655342 7.899929238223395
10 -9.176231314219734 13.521989324363744 -3.3750366912318164
11 -9.042216489703755 15.489228333366722 -3.848606152328861
12 4.925259515289693 7.303993365946054 5.0935690473832995
13 1.035003526015311 1.9528034362857754 -4.814155382869751
14 -1.0218361371704499 20.338264329482058 7.916672060505987
15 5.517991566387828 19.676114283652318 -2.129950078526359
16 8.979102933282261 15.10323734371754 -7.740468062820745
17 4.643828785162748 20.835318311289566 -3.2561712991858873
18 12.533179396621216 12.949656604935498 2.35120538552873
19 -0.6337220890094892 7.726755777343774 7.908591909780346
20 4.804469257067099 13.011347052854422 5.244252056878781
21 3.138406270750331 18.290351598667797 13.550895558700532
22 -1.9264309773813306 2.744917911544189 7.861700805597757
23 4.460211291930296 19.754264147422152 5.631945018943135
24 6.360004084032528 0.4466576278581299 1.10101063940844
25 2.7639735659589633 12.935694455463759 6.945479237566296
26 6.705811009942068 18.331862553404573 -9.479117819226982
27 -4.6544114123480265 20.221464379989175 -9.454534635012376
28 -9.450206640662806 18.20766141857142 -0.2794156986239925
29 -6.409767052879722 15.660409437355876 5.859231566186474
30 12.570064575095254 3.8041363402282866 1.9481034438664413
31 -4.880449529236688 15.596836945199602 6.920386742142505
32 -2.0900460371576854 15.77887680660996 7.840702772057288
33 3.050389326779076 2.5243901627827774 -10.848985862279873
34 6.2570819955775425 2.010005665923396 12.144259913263367
35 6.326886282762691 2.531904601322855 12.101286199063793
36 6.315365063286431 12.521667448123114 0.22970057553895812
37 -9.44671350444808 4.82904672371281 -0.23483713452087093
38 -4.218500026646762 8.060491990593924 7.242399685184392
39 10.647265448563449 7.2635441960120914 7.799971301847266
40 5.158654843388808 20.923012237191582 -2.664949436276177
41 -6.191714326952457 15.376722614600785 -8.299437867691495
42 -5.607223252278603 10.26150699849798 -8.791988729990122
43 2.1242406473905424 4.111337699354468 -4.678936947989989
44 8.944804677781178 0.25427797993263646 9.986549384478272
45 -9.465595824810201 14.995825574780984 -1.4657218032323802
46 3.6081794070971442 3.2318140331369563 -4.068400147184933
47 5.909820768590873 9.549536968311042 -1.3409962541862772
48 3.4764880155945437 14.272592936554467 -4.145451064919749
49 1.5982109625169012 19.839372468119617 7.474368830114151
50 -8.62637185733747 1.8451964820415006 2.8992521150708157
51 0.17972389845348816 8.769196291483496 7.828966768549187
52 2.9400631124170618 3.3370715210564246 -10.869129483290616
53 6.501694140844298 10.886568460849286 11.991097341634307
54 0.1471715763862878 11.656783935348011 -11.007959285773465
55 8.404366024330287 12.960044718684632 -8.267493310775322
56 3.5452409556237225 4.60349373451893 6.439263386674372
57 6.058284947010199 19.46772544072244 -0.9351523469506847
58 2.681934229620853 18.610111389766566 6.990874887802101
59 11.01565934312296 13.011376086656654 7.169572475016226
60 6.1513547881067225 13.834450700925064 -0.6208142941549203
61 12.196449804579352 13.101812562124408 -2.1790312419595455
62 -3.146107057796067 1.0124528160716766 7.621655775797102
63 -6.781414691842717 3.915203505029345 5.516581684897907
64 3.1830932441062276 8.242364684540382 -10.823242899550788
65 -7.067503877543315 8.856139464342563 -7.400584007308992
66 12.375833679942547 2.7663042425458 3.4005627207942095
67 3.1448914844305826 1.4963912830704307 -10.83082351514384
68 5.2278909920139895 3.434001324285478 -2.57142055081794
69 10.97636681172663 7.299002009018624 7.24079465698528
70 3.1539315657522735 8.212712269686975 -10.829042063357047
71 -8.231659656204128 4.988426748360877 3.6555676569879076
72 11.132459075833745 5.577600894362828 6.9514324615569025
73 6.174523262219337 11.638756796772348 2.5271433340312046
74 2.6829885860449747 16.7272831104997 6.990300030826623
75 12.605834925645375 2.1298373974335467 1.0461833268289156
76 4.331298535330614 10.27792423650595 -10.529798410751182
77 6.125625430812664 20.443268352725337 -9.796935722411156
78 4.116730813717261 7.454922422470683 -3.7198341879090213
79 -4.207763066491516 1.8776310485574497 -9.714721528642617
80 -0.9265852094403592 13.381231012973888 7.916455119328268
81 5.555140332755497 8.490694130190136 -2.066484514349445
82 -8.20586157669858 1.5137710559721407 -5.782577643516539
83 6.350727150750058 3.896035829765544 0.6271447262362404
84 1.4175342798131014 8.335388800233517 -4.794691567455224
85 2.645893297810644 9.479127510923185 -10.917295761838448
86 4.469193723870952 14.595739806029616 13.064257984438465
87 -7.678059087333626 12.439356900460607 -6.617253198452095
88 3.8947677517061328 14.348208594082562 -3.8824987066404626
89 -4.49439444714137 5.75851924932207 7.116914940921076
90 -6.055635002295399 1.8606090232719619 -8.420825630243375
91 5.767611932372831 9.244178957065301 -1.6627467255929451
92 8.058094861714723 15.042791149316328 10.828057456313017
93 -9.20532649727348 10.06281943022435 -3.2583375056494828
94 4.809596392085868 20.987688241184 12.914106292473196
95 -8.341229679293376 13.082298254833137 3.4624617603141585
96 5.861421626082298 18.285822457082443 3.486037193346185
97 3.95943460533294 16.904768993296166 6.1077141390699285
98 -1.3228162502953176 13.421518694125508 7.909836001968278
99 12.263978702021884 17.833108682871703 3.922219151363902
100 5.301384942156311 15.807049430710466 4.561495770905902
101 -5.626995196409994 2.2444153849896207 -8.776499264585116
102 3.952415858805307 20.36815296825268 -3.841897140256793
103 -8.183201887208874 11.43427105717784 3.737552261057589
104 4.221223923963181 0.873030040058234 -3.6370729106155117
105 5.542949437405315 5.348083062967075 -10.074368623976254
106 -6.281571272782343 9.11440668965138 -8.216868130284105
107 2.1618579759453582 20.470656405082444 -4.66981897242827
108 5.994839669507834 0.4964103069730643 -1.119772689848661
109 6.323365052185608 14.205826681753607 0.298956059468629
110 -7.345283519248915 2.006241590528032 4.910473122800564
111 10.879539191487682 15.211115159703564 7.411990102645758
112 12.145078248945975 6.537461682276077 -2.368124369608987
113 2.609571098343402 8.209025914015808 13.702705462655306
114 12.044766431983723 4.536801832701592 -2.707293185265732
115 -3.2507632405184212 19.83689860895449 7.591852210107373
116 10.237649798928201 11.982804679415423 8.418691086694995
117 11.161793291289003 20.663530607156392 6.895047335270293
118 -0.8198336767268088 9.2109238029814 -10.889612874277109
119 6.256955222089752 17.093375659626396 2.139642645269002
120 -1.4999124996374447 3.436100245025053 -10.752872056288542
121 5.151829114815966 19.94918486295473 -2.673958563743993
122 2.4239564688133832 17.86221631097908 -4.597729296725918
123 -9.09724482631261 1.0913969566809207 -3.6649957589131708
124 1.7141187409467538 2.030205442581112 -4.758820768229977
125 5.7625825352514815 9.189665605163231 -9.974496466926702
126 9.897508022410168 12.183619753773979 8.880737968148106
127 6.332746928699604 18.233722613575992 0.3905458584996974
128 10.598207714236239 7.695692232299355 7.878194428508525
129 -6.4077197784955 1.2883421693240313 -8.097563793018677
130 -0.31849245154412464 4.623847240946038 7.8879096939052245
131 5.705108578125477 10.628979119645127 -1.78963057863586
132 3.673818903984928 18.79114977727108 -4.028079962466191
133 3.131304209842832 6.368778098919506 -4.32445824956017
134 4.898000515163804 9.457789661421888 5.128322179987886
135 -3.121174657452981 3.8877915056110126 7.628534823961052
136 -5.601559002798379 11.054455879658377 6.481553628704848
137 0.8005855376123694 13.45735260849433 7.7090434009335755
138 0.5104241931716452 11.554757385281498 -11.030013370596956
139 -2.2858936551501574 10.62290655198841 -10.536838075854131
140 0.44702711522119015 15.039164158687065 14.098384560598195
141 -8.680180042194037 16.00798783030893 -4.827618939404681
142 0.9650890081747059 13.939895080057907 7.668293621563236
143 -9.476864421747974 13.268084067350037 -1.0848212426360124
144 -6.755676632729858 11.568004782791926 5.541635216720539
145 -0.5574559671426578 7.077066705057012 7.904754710157245
146 11.242392178521854 6.63927820451176 -4.667632235291638
147 -8.7511189492388 17.202966047962594 -4.658871424547682
148 -7.237560983971931 0.7415384537450205 -7.197865053924197
149 5.2742253474518925 19.79736725683764 -2.5065421002709094
150 -7.620063435381398 1.6182238618209546 -6.698843444827162
151 5.070351083017936 7.179315486812408 -2.778731587606121
152 -9.477267665466645 10.090645892414408 -1.0169928929555592
153 6.215737457422344 15.39449721662317 2.3476801537532634
154 1.7275007113244534 6.032018824735716 13.906694220204304
155 1.7460708674313083 2.787030834904267 -4.753867470251203
156 5.897579981157403 10.413390436654186 3.3964954725000682
157 2.4336426026823856 0.6633090413384828 -4.594774457607485
158 2.71287931816411 20.719232582135785 -4.500435355248387
159 -8.661450332359477 3.824476229462685 -4.870759409430075
160 3.2641891637552387 5.607593673557847 6.637763166513353
161 -9.359234472750641 3.115207220203866 0.49263190379395466
162 -8.377462381728472 4.870889018435483 3.39606289049642
163 0.7396321628748155 1.598748049296304 7.72316915429508
164 10.38822926699747 10.440670044176974 -6.080285799196656
165 4.183162571124938 3.375957817014472 -3.6676987738928952
166 -6.631213794035641 6.7011099381083685 -7.875898390620561
167 -4.794219712831045 20.062028416582493 6.966476764203575
168 -3.3222514752842867 13.039225873117019 -10.149314798438368
169 8.382651506628234 20.36624194664944 -8.28607353797609
170 6.142785098099183 18.088769923632157 2.6517338403576725
171 -6.7340831707932916 6.027800796673168 -7.769156875537648
172 1.3267598716471558 2.2189583694966224 13.979726762846772
173 4.777037653005391 17.318300284428133 12.928945999865718
174 5.787066705858621 5.455875202347356 3.659522968334525
175 2.7376826232018345 14.537807854874902 -4.491184533966563
176 10.702485304943322 10.108227184341796 7.710436849716194
177 3.950756649520279 16.754086626031324 13.272319911109513
178 12.222472677913165 0.37535262940169 -2.078431263608343
179 -6.774047734232714 6.417688525294513 -7.726842244645596
180 9.089109381151578 0.43984418164916905 9.834132687766553
181 -2.1421772039387923 20.332061986209155 -10.58115544463715
182 1.72390789296446 18.451229713458318 -4.757325834854717
183 -9.465680654579648 10.756660337066164 -0.5258805068108975
184 6.316296656344599 13.685003332893587 1.7435005552359955
185 -0.9298397747175614 19.96813480725862 -10.870548858531667
186 11.64607278428623 7.465353219268505 -3.801610849053744
187 3.302961291816714 10.900717487860579 -10.79856137441404
188 5.282923671054257 1.7019705340606066 -2.494147829577522
189 11.626299139263617 16.075770878813305 -3.848503547407737
190 11.528225096788715 16.524971111361197 -4.073417110290546
191 -0.6881037372724775 19.681798231965473 -10.910915757051557
192 -9.369632841152796 16.605186461618235 0.4262047915993173
193 3.039661585223684 0.5420500459392267 6.782699235943514
194 5.724384883820289 14.616432979129637 3.7962209943652336
195 5.5313838526881645 8.99219191343791 -2.107281065608739
196 4.107893234826586 16.110954067553664 -3.7266459403788597
197 10.957210824713815 9.967248390746091 7.275142397604124
198 -3.100845804935138 14.124644482727652 7.634081036605401
199 -9.259793986442874 10.244934922453611 -3.021021072433203
200 5.7659542064798845 1.4481183434848448 -1.6662130637173036
201 -8.24939976380136 19.829596271382112 3.6250476870563917
202 12.192807076963758 8.545067175180282 4.2086843546217105
203 5.563041429313535 11.028431057008264 -2.052746292024072
204 0.03760999060748409 12.817009449529285 14.134456036950192
205 11.910352039497262 11.713451764770523 -3.11380649800703
206 5.116981122409377 7.71822286812216 -2.7193857244182142
207 4.146450810862461 12.352247605916201 5.9406539627755715
208 -8.910730388186645 1.5161665885626927 2.212798314808116
209 10.254748850858952 11.107679814571451 -6.266473804345657
210 12.40015105810114 11.205653481264447 -1.2660971430331465
211 -3.2660974825936706 13.596968997246663 7.5873589080134005
212 12.196831107358891 14.607981076432944 4.193207971405069
213 -9.041433388975152 18.937001834843894 -3.8511276387884115
214 11.879184406721874 0.24403133807011335 5.234753303658672
215 -4.915597591580198 16.153686104600805 6.9012281133372015
216 9.167906799682779 3.1925219157016103 -7.551248228287636
217 6.317964011368525 13.460413624251972 0.25146911439301334
218 5.862121051141994 12.230875822352177 -1.4547690730352758
219 1.6769175045293756 5.113128228102285 13.916578930754948
220 8.614586211170769 17.600421082610314 -8.08278481850398
221 -7.037741044741091 19.22525424934888 5.255271176194777
222 8.304854845029565 20.89219266056511 10.609004390415455
223 -3.8289052237426 0.12093187046055298 -9.913237879603727
224 10.393408662448765 13.101045818208034 8.192236563452783
225 4.618421626597181 14.00414940846819 -3.2813838365679295
226 10.309468479730073 19.089682933978462 8.315527889103038
227 2.9947661729346366 18.461484458805458 -4.386624715649009
228 4.009454308046451 20.665752853185197 6.064171136443006
229 4.117738309358209 20.84215354532588 5.967072786263799
230 12.238436490376753 16.376870766760344 4.028303118959184
231 1.678525407142351 10.87194451107894 -4.76408823873595
232 -4.136184546662509 19.15963025795051 7.277523122174238
233 3.318626501458513 10.220047769918759 -4.231317724491422
234 0.5147185300420436 14.480061771662784 -4.7918293764414495
235 3.6997338663131574 2.992406400931778 -10.707086049928195
236 12.557533563832212 19.82524613341888 -0.10541768822888144
237 8.749859004156994 13.285059755812911 10.185067623994408
238 6.312177957356793 3.7733452862750814 1.7775084943525898
239 0.5437888561483103 18.339781233076963 -11.03143413886033
240 9.086475629059192 14.059226059161993 9.836957813173095
241 -2.60393069375437 19.815934323519578 7.752399603845057
242 -4.741282281635037 15.474348643827824 6.994137108150586
243 -0.30958816320130256 0.5080270417184601 -10.962971926205036
244 7.9357061096475086 7.562864556901901 -8.64898778480331
245 -1.875455810781179 10.15445858111842 7.867547103715796
246 -9.332572902491176 12.484003038909634 0.650343102662796
247 -9.285292180893956 16.704449176584312 -2.8993872480290697
248 2.545224689494912 16.376753298174016 -10.931938293417732
249 6.101026270531604 17.87992411264701 -0.7984563915382772
250 -9.399282694485828 16.924433402470044 -2.2108394389292414
251 5.368767956979367 2.8652348036913957 4.453856120088354
252 -5.586837850973307 17.6547635882352 6.49152683741125
253 10.339975881502015 10.915252919676371 -6.1484634741174755
254 -9.212301671323825 15.613673382123764 -3.2294110487468646
255 4.63757032984387 19.337804804129423 12.99136132840933
256 4.846182907795173 19.470734209068507 -3.043201536902337
257 6.355101952728944 9.692706962815588 0.7144245217499399
258 3.2493015223332447 17.16644387831502 6.647735340634009
259 1.0412907144875592 18.28574792672274 7.6481029950819845
260 6.13699264686001 5.664741841856782 12.21684665976169
261 4.2061806669609965 20.74217018445666 -10.568072974260248
262 11.982299356598455 11.276462880761684 -2.902142964766985
263 6.335349934605809 1.7988232415250414 1.5603408472210305
264 -5.858639201149409 8.608002683622054 -8.589132706762845
265 1.2554066383299929 4.957059730275743 13.991471256190703
266 10.149551576719071 20.893064275575142 8.54244684537258
267 -3.294200207911494 12.451738631675767 -10.161449271872945
268 0.34354608776249274 2.5643081942105628 7.802419717013156
269 -8.735174362043455 5.392307922130667 2.6548970953294737
270 -8.734067096011923 14.206781101322177 2.6574848547678616
271 4.224560336274632 18.233696890778432 -3.6343615576702115
272 9.211505593922602 12.762472692456042 -7.506317493077477
273 5.827275861697612 12.179659535990757 -1.5339457415832851
274 -8.850528100625564 4.865105729052312 2.3721442492522105
275 12.498124885049483 4.190391469512048 2.644868353675043
276 5.140050830320548 9.173864754918771 4.80276043199063
277 -9.241101404516535 0.06758353568985231 1.0998331505100312
278 -9.384926812136465 12.67324099852555 -2.3177893246799357
279 -8.443483067907835 10.900255609073678 3.2715303247417373
280 -0.9244117015999691 2.186302637067493 7.916436790563084
281 11.626051323854476 13.668424749991077 -3.849087788494471
282 9.968215267873816 4.844066046072933 -6.642375044903859
283 3.876325494629346 20.74102816792959 13.300211000228376
284 12.446757315115825 9.048637996897925 2.998057222172624
285 -8.620335716276717 5.725104015404209 -4.963545964238485
286 10.019430804271153 13.143718905177192 8.719900177628457
287 1.6039202481737065 6.693802561573468 -4.774275144030063
288 5.088538040616138 10.462110045515919 4.875426957554863
289 6.3573647394234545 10.656822408977561 1.2035345543440268
290 3.641784431819363 9.73337491981202 -4.047919995322611
291 5.135910620242332 12.397301499634231 -10.245007114140845
292 6.327473718112623 1.6678067487687187 0.3374484237633891
293 -4.488161505817871 20.151109530741703 -9.554829613898491
294 1.4620125957191175 1.2146962078313237 -4.7904711600620615
295 -7.560130217019476 0.10373959962260193 4.646209778748349
296 7.604407857749312 15.981585952542588 11.203923480978894
297 12.141870393306482 18.230987341927612 -2.379550924321575
298 2.7600657708527367 0.8262143540387026 6.9476724058251165
299 -3.0282075157759594 17.173491926995847 7.653440108425624
300 0.9046935354527933 13.36211843356421 -4.813882626666021
301 12.267615775652384 7.268094257293496 -1.8949797917810642
302 -4.0308917664551505 2.2465934153661267 7.32093595286091
303 8.188527562209396 17.4065506835348 10.713619715227768
304 4.1774050157203675 18.40966599839221 5.9118471394252685
305 -5.208240336526978 14.28478336337542 -9.088687705317046
306 3.864338487812386 2.485060009391134 -3.9034816630557088
307 8.319268392170686 2.783018127578817 10.595870345844874
308 11.875150794492486 5.420802086723678 5.246205222942994
309 -9.450840200278352 13.493869190239023 -1.703124510605314
310 7.289341253573412 4.519239312361988 11.446093901653466
311 3.079845515724563 10.323485481570174 -10.84341473445024
312 -8.002983845544724 3.810205301608166 4.026160883535972
313 1.9085567664412475 13.656839413285674 -4.725374472810754
314 6.360959813421903 19.430214665728982 1.011851645249558
315 5.658458110598625 20.493170372201757 12.489788781964732
316 11.054787829233506 2.3044601722275737 7.097591188025758
317 4.322671043887036 9.07903082189464 -3.5526567100897686
318 5.783227708638186 11.366598152198316 -1.6298065940236361
319 3.525712413312431 10.14234631379246 -4.117240546902809
320 2.8259319639976828 19.412320102907138 6.910288735933453
321 1.2270231694003253 18.914739144236428 -4.808155675034859
322 5.15704552143037 4.378720801504052 4.778348490593122
323 -8.127845805797453 13.7793985913025 3.828838270873022
324 -9.31659750967251 5.4113406587354875 0.7377197659787743
325 9.267952106086046 10.827516600164255 -7.447433501534941
326 12.543464279662267 12.633848223072954 2.251955821223954
327 6.348064884931195 15.709536768020174 0.5831904413468463
328 10.768283218632867 6.795814602140366 7.6016110292069445
329 4.8706054551697875 15.879429906800167 -10.346449452286986
330 -8.380098626972778 10.766458731346681 -5.4607683653078665
331 8.75967612144533 17.63708736020113 -7.950002560915433
332 3.499299235148653 7.447065310456307 -4.132464454107713
333 -2.813325781762314 11.808233133436106 7.706550282040316
334 -7.519966542399837 6.8556874731238295 -6.835754835197659
335 6.02570206008078 19.80459259263886 -1.0323873275653686
336 3.920950437042769 2.9326763498825708 -3.8641971907233454
337 -9.279336477855807 14.28295620696631 0.925466405702101
338 6.420751515059661 8.98323580845311 -9.640674836032462
339 6.2589549843778585 6.431326036518845 -0.14164964866813942
340 1.8424499188241508 14.545144996749455 13.883509922863666
341 -9.327774444222905 6.320234905883141 -2.676689468559993
342 12.053031141712294 18.062570340973295 -2.680649969875007
343 3.4980019481413507 18.15152324663238 6.4740301898560535
344 3.4872048240442117 14.604811340487105 6.481894725806807
345 6.3572565826119645 18.426678115237987 1.2067136314768399
346 12.52534217576108 14.86129962955923 -0.4241369340401211
347 7.999096531616352 20.06599761505363 10.87885362049417
348 9.173754696827652 11.136344798232324 9.742455348432134
349 -2.588084402635393 20.816375867745954 -10.436373176218448
350 12.292759933815507 1.826721958139613 -1.7871907281214323
351 11.809839275505865 1.9212235853528523 -3.390226912790593
352 11.21281559895811 8.486946754671692 6.795345762019867
353 5.288641772356893 3.073853835407231 4.581368059820673
354 6.310694167473351 8.440549185794085 1.7894045714940765
355 -7.520175814290882 11.445565296835705 4.696958949936759
356 -4.1328597343273845 20.923021090172195 -9.755531689620753
357 3.2633400433881543 4.9884098234014305 -4.2597748984028945
358 -1.9768648638079036 12.600431510505379 7.85559166310543
359 1.5482271003330244 4.892148969826309 7.4918957406787134
360 -3.9810629315703716 0.8422930196621321 -9.835854236645039
361 -1.1931170045004669 18.3022729291999 7.914181687576108
362 -7.786152150639962 5.925928568557203 4.343847018603957
363 -9.408281244290876 17.04716554989289 0.14474257881415023
364 -4.44728302266949 9.445477625247772 7.139203465168395
365 -9.454674402505189 9.559623130717824 -1.6497668428117396
366 -2.826224895958215 9.318754605395995 7.7035362383445305
367 2.309633739469431 6.3982619210588565 13.778858034155006
368 6.138825168595078 14.890270908469244 -9.79017918835381
369 -8.889482906849805 9.715082091525643 2.270072310027989
370 5.444225936320321 3.8740013158064266 -10.11745869004968
371 3.617129936767916 18.21317822015585 6.385215829127597
372 5.748257337904433 13.760081593419457 3.745096021242012
373 -7.216095124636038 13.370063325511353 -7.224051444374921
374 3.916207927891017 18.368735126368186 13.28532686070557
375 6.244144789267539 15.230410868717867 -0.2197317320089392
376 -9.071032154303982 10.100430687608599 -3.7540945406191284
377 -9.395685648540583 14.238339203740335 0.24370562842596946
378 0.5517332662389552 11.907341480720024 -4.795306190307314
379 8.710876605724467 14.842321554594362 -7.995160545627497
380 -2.6949975765604215 14.49010270723398 7.733170070118101
381 -8.843408124237747 5.189167914213075 -4.425051529277958
382 2.8821163847987745 0.7128655503017757 6.877690378014073
383 5.062227923818518 2.0663086439813436 -2.7889064788455404
384 6.109268010412049 3.1535490171578746 -0.7707230180073548
385 -8.016644953869074 3.6562960420157715 4.0051203381378055
386 0.4909134157767779 16.919073211951115 -4.789438066963769
387 5.103483832261158 14.303474933264638 4.85454546909171
388 6.36033449317254 9.76931785795808 1.0804922122372933
389 1.8393966683365595 1.3724831567777898 -11.008520203789427
390 6.339025882544649 11.339692974032966 0.4608231313987507
391 8.41821980306998 13.150626754259724 10.504658699632763
392 7.220708497912062 16.772998024746066 -9.159203456810804
393 6.216870777349126 19.54249950752224 -0.35106651690892626
394 5.825294165699344 20.49334885311113 -1.538356540800585
395 -8.2194927392508 17.681969610691294 -5.758389721156311
396 1.8878711732037259 12.99083894251887 13.874071664301852
397 -9.043635327310941 7.363165555392796 -3.844031537075416
398 6.350376709377135 4.759784446766749 0.621055434825871
399 -1.1206429225624004 9.487121253481812 7.915686911563024
400 -9.447311030785603 0.2316565530015915 -0.24227338271777032
401 -9.396398660042413 11.926849841605218 -2.2330748350460214
402 12.399420944766884 8.577517474484672 3.274798474088031
403 -0.6662874491836828 18.307454898436234 -10.91428405821574
404 -8.566652995510056 9.036423792888716 -5.080983372841657
405 -2.250926026201305 6.416010523818494 7.81672108071911
406 3.0358652199651006 12.009317695770918 6.785051685036111
407 4.299309706486898 1.4143626308442057 -3.572463022504292
408 12.100130756332774 12.181810364594035 4.545421279745652
409 2.878684582060414 20.87692658564452 -4.435819118381891
410 6.197217295245017 1.419863835436513 2.4311846664639076
411 -0.5772141521320504 20.222832081038888 7.905820039505667
412 -9.298949011400381 19.660457171117486 -2.8308221223910146
413 11.081153274904052 11.507149268447552 -4.970192635819929
414 -8.830282393652713 16.395993307437237 2.42378723407995
415 7.550906648129691 2.1219620312235805 -8.933662252339037
416 -8.568178740827907 18.102304127725073 -5.077700774146606
417 -6.3223549608445735 17.68060490262798 -8.178737089892248
418 12.06809338815922 18.858641527949725 -2.6315349593096524
419 6.34197333524809 2.8030794207348193 -9.68346042044454
420 -0.4278513586041453 12.933126951828395 -10.948157429932085
421 -3.508333411349308 3.1266490569813383 7.512037851808962
422 9.276398151169357 18.498285943177496 -7.438552602633998
423 8.327038034267277 17.13488571834096 -8.333244951442019
424 0.7580632107181974 20.60490973857589 -4.8093480836211135
425 2.0522687274487006 3.792082247674004 7.296686257312454
426 -6.209707328007161 15.080584600756383 6.027880912704987
427 -8.92440245345898 18.272076351919527 -4.203986448323435
428 7.594398620350952 17.46563791719124 11.211846011066966
429 3.8670185169743503 1.2295695141235632 6.186077046417621
430 1.2201467541819553 0.15882037454098452 -4.808501840492372
431 6.343816090024142 12.562731175338515 0.5216112933030818
432 -3.662342763990958 17.174518539675454 -9.994450274840085
433 4.335179851995775 0.20518779580285684 -3.541959276030933
434 5.420947324234547 20.657257430531686 -2.287612408570942
435 -0.796352773228494 10.675571485241878 -10.893531615735093
436 5.230948273787513 13.409044900945796 4.669522820267298
437 6.277758940968244 18.10289567077558 2.018449916015351
438 -6.243182216898858 20.96529773925194 6.000380184101793
439 12.385472914096535 14.79829601746958 -1.344523576067571
440 -0.16867482732534694 4.632851006935437 -10.978916330455602
441 7.120421223054527 15.3953734707209 11.57000540052206
442 -3.5033477543709175 8.596014132615903 -10.068650705108945
443 4.483401076664929 15.220102202103991 -3.4101291780421583
444 -1.6854184585282403 12.343156578106163 7.886439874749196
445 3.346923256296873 5.191852562466718 -4.21643279744936
446 4.68492771321 16.430095165223744 12.970376008974696
447 2.5144962866976206 7.606944274698056 7.0793994980898045
448 3.1581362075386674 6.004042574022363 -4.311682150007615
449 2.9862082214590897 9.229745461291113 -4.390364984243894
450 -0.32337473602449335 9.073614541828116 -10.961312404077534
451 -0.42434184483709403 0.9605827100627699 7.896275745739007
452 6.213662469763483 19.297457206430643 2.357297372465139
453 -5.0392621214178845 20.678064530014673 6.832079408291822
454 12.172883757035393 7.166204380149283 -2.2672517148919447
455 -8.965708548783129 0.5501308791733607 2.0588210653597803
456 5.836133385439382 20.579376916535864 3.5465560971897196
457 4.645694532436603 11.480645666995471 5.430185227823268
458 -8.14569228043646 7.0247370635805755 -5.887512155678891
459 -3.2825000673516875 7.03749593944198 -10.16648229366561
460 4.592197063326607 6.865563943099661 5.48999648072093
461 5.950483277866648 14.646900695054956 -1.2384357401105401
462 6.0955995651217325 15.487675548639146 -0.8164580224438133
463 -6.778327662871757 2.842435727831396 -7.7222819445941875
464 11.368494751636016 16.83227934954278 -4.415575381929294
465 6.223658577400138 4.713252008569874 -0.3196881674973129
466 3.493401539740138 8.34948235721868 13.436078656966899
467 9.863509531131022 12.731311692770527 -6.772367608829753
468 -9.474560276964562 19.48279794709947 -0.7669941535539055
469 11.137279905408311 10.651930982456241 -4.867193889111708
470 8.530908313640706 19.611375368086 -8.157372037729601
471 5.186168770032254 11.241512760504424 -2.628255493019845
472 3.558267082029321 14.59803563499947 -4.098198688552552
473 2.861570693326389 0.8069533282088249 -10.882768380796247
474 3.752269648513004 18.229190492256457 -3.978162448276974
475 -9.129869706688854 2.7198133469388877 -3.5494602306563605
476 10.999201330518366 16.774447951246973 7.199531781130901
477 5.388936082481144 17.577279895637112 4.420763288631816
478 12.475326134325833 15.46444231637845 -0.8095786618616571
479 0.4982071074771647 10.862650185273797 -4.790183685411426
480 -0.3270427733039806 9.363956833911715 -10.960867878515101
481 -2.098601158563656 8.336611858559952 -10.594159206582663
482 4.939763292577388 12.871731232385036 12.853750064253513
483 5.058695558789131 2.0597341964691362 4.916641922230929
484 -6.011332596597068 5.243028186042904 -8.459425295238935
485 8.670901087488453 3.8891069252168267 10.263167837393432
486 2.0276427249511415 7.137374239129389 7.307201698934176
487 -6.5819249337631405 18.247004674053084 5.705488055057655
488 -9.182832558382199 6.365695474851901 -3.3490915972285986
489 1.1861334020486696 2.628901636253559 7.607393711555558
490 -2.9166639915413364 11.367223041322479 -10.315618811178012
491 -3.820932985671496 0.4030378132841904 7.402522759610354
492 10.796025060701934 3.528298362642132 -5.459940130263237
493 -9.180370329219132 20.110130974612986 1.348696145256397
494 -0.1520832672715638 11.067870742144684 -10.980671952790216
495 12.494388009695804 8.431380633087054 2.6731121739135006
496 5.844309046211593 6.517601137395049 -1.4956317777710717
497 1.8404620879962679 18.481660838790624 -4.737989335030779
498 6.035354180550362 2.195924647022405 3.014820853566928
499 -3.439102770116793 11.154560088021672 -10.097730879279373
500 10.098036515298853 14.875622511015731 8.613442461856131
501 -8.491582347356099 1.399692851774489 3.1777219315277647
502 0.9216905173314157 11.339099735891752 -4.814118146237409
503 5.260981294535384 20.828008978336634 4.623997637425458
504 -9.44172221834672 19.979470186339796 -1.816188059741706
505 -1.4213006596238138 0.19596401636895922 -10.771006115040326
506 6.158680213951205 8.15972012667726 12.203862473487602
507 -9.447015019519327 13.827488527826935 -0.23858026519036582
508 -5.360162545315217 16.74594645374549 -8.97918813492448
509 7.441814274670179 2.9872367424311195 11.330737201664354
510 12.579996152970304 11.791176347149998 0.18934903344241164
511 -3.3022756988329682 8.696724803107468 7.576629077018554
512 -7.928538164937405 9.391253350601549 -6.24369072853969
513 -3.1266453399879226 20.740640838457214 7.627032677459851
514 -7.217509505595006 13.814751396663757 -7.222331495837306
515 7.257133288906586 7.0748116271932435 -9.135133032942738
516 12.271683422022376 14.44560016831708 -1.8778340478881512
517 4.950357453709177 16.99983756922244 -2.924364284648699
518 10.800116316341411 17.77680111249584 7.54809379583631
519 -9.452080575983592 4.907953720119093 -0.3045286413982938
520 2.2729878824234317 11.880371243911613 7.197731821489484
521 6.279531834873034 13.359724658872887 -0.02268489299168504
522 10.859507587319403 20.34643496099952 7.446673046035227
523 2.4881202893973233 11.340250206694723 -10.939829153647393
524 11.456095463906387 10.476651222478477 -4.23136553965573
525 -2.0302607985603793 14.47876435188258 7.848770956639355
526 4.695064480963716 3.507880065919947 -3.2043303782158783
527 1.110001428507965 18.104679962574462 7.629174554980153
528 11.880556511093076 19.572590215710367 5.2308498994718855
529 6.228675843638626 0.46459458210894233 -0.29596985243918406
530 4.1427310705226885 4.2389224945819155 -10.58688117557272
531 -6.81945301813235 2.7561424313301393 5.479172487782795
532 -7.904300635950937 19.668719538194193 4.174417111802532
533 2.049237789032383 11.77386198273959 13.839264001525384
534 -7.97392776583546 6.81819446469126 -6.171944436660275
535 12.277637338490447 20.119543082506983 -1.8525390412837066
536 -6.25299110616213 13.786050753961556 5.992268188757046
537 5.435784064651218 5.180256154954083 4.342235135317226
538 -9.477242627516375 5.4548294589668505 -0.9632553609303444
539 5.286449598382085 3.200736279938766 4.584771669164637
540 -9.462674451142597 0.7700999656044024 -0.4688085126825535
541 6.360406891416888 13.846432366321437 0.901003391513123
542 4.97098404439426 9.648382136525719 -2.900022670835735
543 11.88619169741243 18.6186885200498 5.214776746566942
544 -5.6323687139759855 7.734500140643815 6.4605350651045015
545 12.573797470659473 5.738450066962396 1.897262867365962
546 0.8202658711117646 17.682699181904848 7.704370777784844
547 -7.271813996893997 15.163489702257477 4.9962236448408754
548 -3.815396824038046 0.25453626752175873 -9.919959234942034
549 7.839104416193859 13.888782832478702 11.013661268243848
550 5.844986142178135 8.665058657821099 -1.494093584809544
551 -4.643658747395885 3.6813617895108526 -9.46114895706589
552 1.1734643126394564 15.388832440091262 -4.810594216021186
553 6.0806844059861005 9.541924025759178 -0.8649293337020596
554 3.4262708965933775 16.242935639418615 6.525716089766604
555 6.760533908897312 5.734487009429061 -9.446868591457935
556 6.102627873723546 16.062548492384693 -9.808656269422368
557 3.7534964586710515 10.078715529059593 -10.693523792409925
558 -0.13827176742609992 8.020732432710814 7.870334020050454
559 1.7596238172625716 1.9719150315777862 13.9003162812792
560 -7.199832830601954 13.009297266201905 -7.243772085713935
561 8.288972634918117 4.7001699112750845 10.623432479339563
562 -6.65552974234989 10.55388760573229 5.637178606619169
563 -7.598287012237608 4.475198784526749 -6.7290421762120065
564 6.627930774748866 15.245578109691206 11.909190536954032
565 -2.341489484130893 16.807486664269593 7.8017585750324505
566 10.880965546171055 18.43746072934646 7.409511150101309
567 1.7102765976538434 10.33783498540873 -11.017622367398156
568 9.964341228985138 16.855509505709918 -6.647251527711337
569 6.3536872533323585 9.227504783583496 0.6834351676089281
570 -9.331009440209312 0.6538157405747386 0.6591070778716226
571 10.084351576469963 18.797472554837263 8.632137126031942
572 5.020549459930387 1.6993049440762957 -2.84037371384799
573 6.333273856473529 15.36337995686197 0.3961179638049902
574 11.112828312764998 16.422589841078103 -4.912357577815889
575 1.0173410441172215 4.322665410772133 7.654539238083945
576 0.5909917362138722 7.463075942400528 -4.798673707876191
577 1.5519557246506066 13.65422294036122 -11.026721397771976
578 7.248345964012933 5.813383741936083 11.47653654482141
579 -7.96521868194913 1.348387678577816 -6.185815235345706
580 5.625508622282848 8.739233961774993 3.997080712116204
581 8.113047707417024 11.252381373934707 -8.509331232961042
582 -9.477147658002414 13.963146214231578 -1.0472610472441652
583 -3.19981060649587 11.752622353225195 7.606550000368468
584 12.60023122612958 9.351410355055975 1.3760925687994305
585 6.99528492365082 13.791469955367136 -9.303863860917037
586 4.319140544093681 8.814273655448568 5.775463997611264
587 9.62426368340491 15.448925399022986 9.223680012608998
588 12.151948500445643 1.7256050170049742 4.361567291500403
589 2.02538260291944 18.448826787328304 -4.70145088926503
590 2.128336346540041 7.791814022676657 -4.677958989321855
591 6.24046927183121 8.37527839883491 -0.23830059169316328
592 -3.327807161746933 19.4670203264102 7.568947773420714
593 -7.200087299065815 10.425684199461294 5.07783021617
594 -3.2872840465292694 13.488836044009776 -10.164426386912831
595 11.125968805003971 4.252091763469986 6.963818049503383
596 8.18124932885717 15.343660715024168 -8.454127782831401
597 6.343469275251718 5.297061423640593 1.4611668614952573
598 -5.584948535078829 6.22724720704076 -8.809346695022212
599 11.24708622422475 15.860678830432967 6.72717217854194
600 3.974383179066735 2.551528902319279 -3.8261282562765895
601 5.694742860876581 12.830600765870827 -1.8099556178563985
602 2.2080550082903367 8.846209119175512 -4.658203101576711
603 8.578053782280474 13.481401509308586 10.353372491163501
604 12.077316661631887 1.7806323369618675 4.6232125034467995
605 0.5967930556758544 9.815431736247264 7.754237862882133
606 9.587910820791038 16.18935873752509 9.26759927634434
607 6.1258038383262186 20.22541734337265 -0.7135618632482029
608 6.34463386206161 0.6141929437257421 -9.682028359072689
609 12.599474280929005 10.203306942912839 0.5936252665967936
610 11.992372792400868 14.622064293440936 -2.8714627591874664
611 5.75091870199596 14.889971496171086 12.439031804331512
612 1.1378833247675244 12.955465285890586 -11.039796157757152
613 -7.021424753542284 1.8404976820406094 5.2725716903127635
614 5.764000490044442 2.082740091331534 -9.973833488088024
615 -8.845864487013891 9.67132944275694 2.3841226444045316
616 0.4155456462941787 4.146880287058684 14.101586136320954
617 6.195976967719816 16.560914258120537 2.436599592166866
618 -9.415230895324964 8.9477510616978 -2.079606407860414
619 -9.350294107503197 3.7070886721156735 0.5473836714085705
620 0.6626864449942422 5.770926746510858 -4.803977356116365
621 7.224776035802033 18.241086527067825 11.493931016136603
622 8.12504525287682 16.155402766468136 -8.499681379864978
623 12.362368322854906 4.551535801906288 3.46941193575709
624 0.7053629198541138 3.6716111724686638 7.730882075170343
625 5.20693588631773 8.271152518737328 -2.6001489599674574
626 -8.394830377994246 18.568335730316562 -5.432211332732591
627 4.553077858648908 15.2556960173731 -3.344769809628415
628 4.631872393038781 14.34920290873661 -3.2680763513948046
629 -2.9305072639183054 3.5649160068383554 7.67835479718634
630 0.8294237370836522 0.8751309126500696 -4.812116218634018
631 -6.867062671114305 5.222999724340228 5.4316962196217675
632 9.341140362953238 15.484498625143793 -7.369860778140413
633 -9.443444320310709 18.62542290439466 -0.19538898713337788
634 8.027837430260202 14.290485343568974 -8.577126067614433
635 6.1517219396754905 16.937784105090444 -0.6194386864318511
636 -0.6536326160131585 7.893653988061156 7.909471613565943
637 6.116850689004574 10.940117522712885 2.746702451093802
638 4.661729626308448 1.3619254841423354 5.411989290547005
639 -3.798056044455167 11.192113517578042 -9.928552286576206
640 -7.434346566673567 7.722946368423082 4.803450303452079
641 5.07324636641688 16.92584354527832 -2.7750934716351643
642 12.605922841912466 1.3081277607313164 1.011489264508068
643 0.20516704372303524 17.27209183632158 -11.012291822990843
644 1.1750233454335577 16.37127394490182 -4.810531589364858
645 -6.576360998912177 7.343767824662841 5.710587508477754
646 11.430367895636447 20.930633930912514 -4.286298391223336
647 -4.313746319464433 18.1187386284078 -9.655623160437246
648 -4.211641619172436 17.72757942835314 7.245366165598841
649 1.6974828586338195 0.5384833819351494 7.438388490069752
650 -9.442468911861814 0.5124164126872984 -1.8075217483616952
651 3.0643005663144454 4.830185583041764 -4.355555194015135
652 -2.561847091062195 17.658303167944375 -10.44549285171499
653 -3.3997130323698586 4.71692784872089 -10.115307121466662
654 -2.4766483139493953 15.923527114509474 -10.474582491154289
655 6.969186453272814 14.348434036851515 11.677587861902849
656 -9.473042731376912 17.73553736923648 -1.278549151569226
657 5.659242295121653 14.466591343051904 3.9304040048763
658 11.407823210788983 18.776083277261822 -4.333857524571521
659 11.261623363072113 9.422566075073144 6.697950993718025
660 5.515344411104301 18.733778467744923 -2.1344034081327625
661 12.193276419022192 7.54390075739508 -2.1910649547809395
662 3.1642179911200445 0.6972652846186979 6.703726384712677
663 0.6091586863074092 9.49617959395214 -11.033923740353208
664 -5.698277801144558 16.59063916244829 6.414902291977675
665 -5.845515273307778 1.5434316939302657 6.309589441824105
666 6.360620517024138 2.69628007853663 0.918307098353916
667 3.320936323589613 7.9755013837638264 13.493178045117846
668 -2.292669332401262 10.092318123859608 7.809955715473413
669 12.511310221917899 16.13374169115488 -0.5422618438198655
670 3.88013251733669 15.507433394277857 13.298796258762955
671 1.2994739595901499 17.347420235303098 -11.036538964982629
672 0.31283571644892705 7.826458857258594 -4.767658743009605
673 -6.447128124610177 5.445231936181249 -8.059455384143995
674 -6.513180776322347 1.2656151960807778 -7.9946584162362715
675 -7.385266876036492 19.489756446847043 -7.012696126951325
676 5.180139726962209 17.635847998347963 4.744814330705405
677 3.4888286364100787 8.848497047818475 6.480713886587404
678 5.431972473651922 5.565974994825084 -2.27025540202716
679 6.360582514173916 14.817078622829458 0.9149288794690617
680 0.5691493322857296 3.3307072111545475 -11.032446197831431
681 5.351583337316173 11.329317139882082 -2.3938064101839336
682 3.687013555949746 4.772662172526181 6.331323604697125
683 3.4365338762166524 12.451967880133475 6.518401728757158
684 -8.6292283853605 1.4245782412086099 -4.943693545569369
685 7.80384052845212 10.253063877457341 -8.749303798560502
686 0.5811309734316147 1.7300019579326966 7.757472375277993
687 -7.038699248607424 15.486109143151197 -7.4338823555901765
688 7.323552812908506 19.72042166877082 11.420504403480374
689 1.2548917267454593 6.248517477695232 -4.806652986398367
690 3.875341383162355 14.284793091057118 -10.66174403157604
691 10.229158833921744 15.966086285564835 8.430750664891232
692 6.598758996478044 5.022782188534438 -9.54104405609082
693 -7.732944346253506 14.53538817557677 -6.538426988829325
694 -9.423483293067846 4.203155129141012 -2.0049761666510952
695 2.4404088873659777 9.082455444932771 -4.592697892260291
696 -3.9101888129145395 10.11196938176355 7.368641504603651
697 5.837047710957593 10.697864691145584 -1.5120542318159336
698 -1.7739222411747197 13.675892517871334 -10.684796944360052
699 -9.332681761583306 19.549922605646533 0.6497310821165492
700 9.387673687659412 20.088907042752616 9.5028501048956
701 -9.451377149407667 20.32506073174564 -1.695897027618941
702 -9.400688808658415 3.7260041588638444 -2.199848322319421
703 2.73640927739171 6.124914152895368 6.960882944938026
704 3.9223805205584847 0.5163252456348317 -3.8631909410872907
705 -3.3958769106938114 2.706267216942349 -10.117008615895582
706 -5.228457482653424 4.45294163807276 6.720907157666086
707 6.252292000444385 12.91960820285123 -0.17745893759731426
708 10.504170311515297 3.520003542054671 8.024820890471354
709 -0.2430338503875521 6.548138794790451 7.881063151152853
710 3.465287519722461 16.96476478076643 -4.151773265097267
711 0.2075629391652258 2.549114781347535 -4.751513387151532
712 12.593137099503428 16.485347420578194 1.5650400565274107
713 5.026724880095062 3.651800233609233 4.960105907123329
714 -6.799124641898798 8.89850332662402 -7.700042750131056
715 11.934514754744237 9.529580369056424 -3.044119636273191
716 6.125103504223005 11.379919894945521 12.223941451939234
717 9.633322908612644 17.326037613781303 9.212675305108073
718 4.825092017047729 9.621924621495745 -3.066462411075097
719 6.089929303173328 4.974281738464123 2.839864422485858
720 12.344579543801222 16.51324530272659 3.5574437952480396
721 0.41546340964937345 16.17855577396366 -4.781051647856379
722 4.396429271364394 1.6160172342133923 13.09494041041856
723 6.049166959858061 6.6235448107082675 -0.9629202498344622
724 6.2262931490621485 12.766006948662337 12.163031069063681
725 11.398885080471286 19.98804749388802 6.412528963027852
726 4.99099613613952 0.6381282536335741 -2.8761384165666226
727 4.925598374632401 15.03232425832386 12.860398344670124
728 4.859964052347465 13.642579628839737 -10.35036106972343
729 4.489820971810119 0.6437025463219274 -3.4042006426263494
730 10.907521073867386 3.9485194269237387 7.363128745079188
731 -1.2978991640442117 17.274900688787245 7.910835311763421
732 -4.846426627521402 8.935360023409583 -9.33337310186483
733 5.711666610669881 14.450828827817386 3.82301451310032
734 5.764784826934162 16.308533908626575 12.431339608978139
735 6.101199505074858 0.8279630387386239 2.8014815964478745
736 3.0740210302120965 13.515131599127024 -10.844522797301494
737 6.303123689369827 4.029213819093601 0.1347758507003328
738 6.351836341997676 2.748346875085346 0.6471397493189294
739 9.717451145443167 0.8319953323155 9.10931657317343
740 0.913087104317222 17.47481773711258 7.681592297883375
741 0.5952838074503366 7.815507500587779 -4.7990219478052465
742 3.967932750411232 12.814728139030468 6.100373236766253
743 -6.550429583758062 2.6819831563399315 -7.957597635588221
744 2.580298919644674 13.11793494593954 -4.547452563012839
745 -7.159104364050402 6.8163024279056765 -7.292722615549428
746 -0.06747413521418218 3.9081297747718238 7.862273909463518
747 1.8918557541062817 7.984107994502998 -11.00439013266188
748 -8.089723425371036 12.639513382362765 3.890306284581145
749 -2.789545622087536 17.740447790454642 7.712048884374203
750 -4.432747590101809 14.01854788512088 7.1460077861079245
751 6.153755407681631 11.386981315328814 -0.6117964595218278
752 5.754837318810211 16.391035820121097 -1.6893108671774195
753 -7.885333532936943 19.377901000781282 -6.310759910902552
754 5.308649075941358 14.871613861550912 4.550100662766795
755 4.924564533841918 9.691026757119417 5.094460709964832
756 -9.10133103756054 11.540120253795356 1.6350207751073953
757 0.9322883180572725 14.019461096835279 14.039942580375413
758 4.661050373593798 20.48781421805821 5.4127626315645125
759 -5.048277875228262 17.07270051303796 -9.199589191623298
760 2.124654297870594 10.077388026382085 -4.678838341612766
761 -9.357626260334712 6.867696392828012 -2.5001226500334526
762 3.9190791925057735 7.42184896535708 -10.649981636256408
763 1.7077032190487356 15.855880503671845 -4.759789678965499
764 -9.018248924478629 5.456077383645718 -3.924717531883153
765 12.555322418817413 2.463471968210284 2.126685077891345
766 5.830519196610462 6.244329154823566 -1.5267060507701953
767 4.7531757340282335 17.163253169212368 12.939756950997818
768 5.249159369109827 13.836594874885801 -2.5418758947254863
769 -2.6090520182777865 17.342151761860016 7.75134708680239
770 11.575010478623032 5.082945333113077 -3.9676626938504196
771 -3.765115059352185 19.59537995821471 7.423115164570234
772 10.852917488103339 12.225579663701739 7.4580300449972725
773 11.801981895808725 6.828991348718592 -3.4109967850113687
774 7.123017400705125 16.267724154804817 -9.222796859997077
775 -7.788857588727816 1.198823977875612 -6.4564418445685385
776 -4.483011403137164 7.838287624216141 -9.557870019759132
777 -7.145623804626177 15.270550465092468 5.1384554523640515
778 12.371991022567988 8.28400184997074 -1.41421608718168
779 11.426372005153684 7.128454043398928 -4.294766795013389
780 1.775762194777178 10.829267981626453 13.89708251761176
781 -6.156664186490734 15.191822387460284 6.0708840089695935
782 5.467596345886017 10.436233141022436 4.287523413885093
783 4.0407618168968185 4.48373869252411 6.036501892983125
784 4.872471651766278 7.352630442501332 -3.0138398648472453
785 4.353905440643193 17.942086960761163 -3.5258239153133
786 -2.9045849673860547 3.50771286793358 -10.320275464205727
787 2.6534501217161215 4.52917820035206 -4.522014696175169
788 -1.708305915384257 11.662634569690256 7.88440652418257
789 4.7515980350306375 14.56732674141126 -10.389512672361397
790 3.213117658059381 20.520657868647664 6.671753778795381
791 10.922547640337026 20.06868146282482 7.336687482292888
792 12.025533486567968 6.993040174222156 4.793433828454409
793 -5.17591079615451 14.64582561218364 -9.11145924896089
794 -9.27646879901718 20.28226538421762 -2.942365162800076
795 6.287108048716743 4.905762772048108 1.9589947162150512
796 -5.697350119052918 8.321082396955834 6.415550966366737
797 12.026813909370732 14.594619608657393 -2.764445910289796
798 10.281176519269378 16.30539637649422 -6.230202572519362
799 3.5958999256882342 0.629445387326237 -10.732486337406332
800 1.365444903271671 18.55950358423194 7.552687818091519
;

